business_name,search_category,primary_category,all_categories,pincode,circle,region,division,major_offices,phone_number,website,rating,reviews_count,address,area,latitude,longitude,place_id,place_url,part_id,crawled_at,s_no
Bharani Edible Oils,Edible Oil Wholesaler,Wholesaler,Wholesaler,762021,Odisha Circle,Berhampur Region,Phulbani Division,"Bamunigaon S.O (Kandhamal), Allanjuri B.O, Gadapur B.O",+91 85559 42702,N/A,5.0,5.0,"1-7-425, Musheerabad, Zamistanpur, Hyderabad, Telangana 500020","Musheerabad, Zamistanpur",17.414940299999998,78.50013679999999,ChIJ60VbJACZyzsRtx8q-Sxt3vg,https://www.google.com/maps/place/?q=place_id:ChIJ60VbJACZyzsRtx8q-Sxt3vg,part_350,2026-09-20 20:17:46,194
Premium Edible Oils,Edible Oil Wholesaler,Wholesaler,"Wholesaler, Manufacturer",762021,Odisha Circle,Berhampur Region,Phulbani Division,"Bamunigaon S.O (Kandhamal), Allanjuri B.O, Gadapur B.O",+91 95144 48006,https://www.unooils.in/,5.0,7.0,"No.4, Velachery Main Rd, Thanthai Periyar Nagar, KAIVELI, Pallikaranai, Chennai, Tamil Nadu 600100","Thanthai Periyar Nagar, KAIVELI, Pallikaranai",12.9613193,80.21433019999999,ChIJqVd2oktdUjoR_EHxn9csSlw,https://www.google.com/maps/place/?q=place_id:ChIJqVd2oktdUjoR_EHxn9csSlw,part_350,2026-09-20 20:17:46,195
Shakti Industry,Edible Oil Wholesaler,Spices Exporter,Spices Exporter,762021,Odisha Circle,Berhampur Region,Phulbani Division,"Bamunigaon S.O (Kandhamal), Allanjuri B.O, Gadapur B.O",+91 70081 53277,https://shaktikandhamal.com/,4.3,22.0,"Khajurinal, Balliguda, Odisha 762103",762021,20.2027565,83.9176531,ChIJqcohZkd1IzoR3BzLsJdlGrY,https://www.google.com/maps/place/?q=place_id:ChIJqcohZkd1IzoR3BzLsJdlGrY,part_350,2026-09-20 20:17:46,196
Balgopal Food Products Private Limited,Edible Oil Wholesaler,Manufacturer,Manufacturer,762021,Odisha Circle,Berhampur Region,Phulbani Division,"Bamunigaon S.O (Kandhamal), Allanjuri B.O, Gadapur B.O",+91 94370 50593,https://balgopalfood.com/,4.9,620.0,"Chakarkend, Odisha 768028",762021,21.3175551,83.52938979999999,ChIJCfNeEbi1JjoRtdoSPtu9BmI,https://www.google.com/maps/place/?q=place_id:ChIJCfNeEbi1JjoRtdoSPtu9BmI,part_350,2026-09-20 20:17:46,197
"Shri Enterprises grain and edible oil wholesale., Retail",Edible Oil Wholesaler,Wholesaler,Wholesaler,762021,Odisha Circle,Berhampur Region,Phulbani Division,"Bamunigaon S.O (Kandhamal), Allanjuri B.O, Gadapur B.O",+91 99228 00710,N/A,5.0,1.0,"More Wasti Rd, Manjari Budruk, Pune, Maharashtra 412307",Manjari Budruk,18.502300599999998,73.9746672,ChIJZ-OMlefpwjsRUxW_oK5kapU,https://www.google.com/maps/place/?q=place_id:ChIJZ-OMlefpwjsRUxW_oK5kapU,part_350,2026-09-20 20:17:46,198
Revathy Enterprises,Edible Oil Wholesaler,Wholesaler,Wholesaler,762021,Odisha Circle,Berhampur Region,Phulbani Division,"Bamunigaon S.O (Kandhamal), Allanjuri B.O, Gadapur B.O",+91 98451 24676,N/A,5.0,39.0,"#16/5,2nd cross,, 3rd Main Road,, New Tharagupet,, Bengaluru, Karnataka 560002",New Tharagupet,12.9623218,77.57102259999999,ChIJLweo8fwVrjsR6ASvJ0Yg44M,https://www.google.com/maps/place/?q=place_id:ChIJLweo8fwVrjsR6ASvJ0Yg44M,part_350,2026-09-20 20:17:46,199
Anuradha Oil Mill. (Edible Oil),Edible Oil Wholesaler,Wholesale grocer,"Wholesale grocer, Food products supplier, Grocery store",762021,Odisha Circle,Berhampur Region,Phulbani Division,"Bamunigaon S.O (Kandhamal), Allanjuri B.O, Gadapur B.O",N/A,N/A,4.5,19.0,"opposite to Masjid, Fazalganj, Darshan Purwa, Kanpur, Uttar Pradesh 208012","Fazalganj, Darshan Purwa",26.462551899999998,80.31124779999999,ChIJmW85OJxHnDkRK2dQ6u_eD6s,https://www.google.com/maps/place/?q=place_id:ChIJmW85OJxHnDkRK2dQ6u_eD6s,part_350,2026-09-20 20:17:46,200
MADHUSUDAN TRADERS,Edible Oil Wholesaler,Indian grocery store,"Indian grocery store, Flour mill, Food products supplier, Grocery delivery service, Sugar factory, Supermarket, Wholesale Food Store, Wholesale grocer, Wholesale market, Wholesaler",762021,Odisha Circle,Berhampur Region,Phulbani Division,"Bamunigaon S.O (Kandhamal), Allanjuri B.O, Gadapur B.O",+91 98225 46555,N/A,4.9,47.0,"Shop No. G-9, Vyanktesh Apartment, G-9, Cradak Rd, near nehru putla, Itwari, Nagpur, Maharashtra 440002","Lalganj, Itwari",21.1560049,79.1139211,ChIJN7DlNTLH1DsRuyFR52Mi5Cs,https://www.google.com/maps/place/?q=place_id:ChIJN7DlNTLH1DsRuyFR52Mi5Cs,part_350,2026-09-20 20:17:46,201
Dounia Edible oil's,Edible Oil Wholesaler,Food manufacturer,Food manufacturer,762021,Odisha Circle,Berhampur Region,Phulbani Division,"Bamunigaon S.O (Kandhamal), Allanjuri B.O, Gadapur B.O",+91 77949 09115,http://quboolindia.com/,5.0,44.0,"Mirza residence, Madannapet Colony, Hyderabad, Telangana 500059",Madannapet Colony,17.3575671,78.502588,ChIJ____e2qYyzsRBvNyLQZkTUs,https://www.google.com/maps/place/?q=place_id:ChIJ____e2qYyzsRBvNyLQZkTUs,part_350,2026-09-20 20:17:46,202
Veeralakshmi Oil Traders,Edible Oil Wholesaler,Wholesaler,Wholesaler,762021,Odisha Circle,Berhampur Region,Phulbani Division,"Bamunigaon S.O (Kandhamal), Allanjuri B.O, Gadapur B.O",+91 97101 23561,N/A,5.0,194.0,"2/2a, Veeralakshmi oil traders, Manali Rd, MKB Nagar, Samiyar Garden, Vyasarpadi, Chennai, Tamil Nadu 600039","MKB Nagar, Samiyar Garden, Vyasarpadi",13.118984999999999,80.26158199999999,ChIJhbgXuZtlUjoRe6yzMRS7YAk,https://www.google.com/maps/place/?q=place_id:ChIJhbgXuZtlUjoRe6yzMRS7YAk,part_350,2026-09-20 20:17:46,203
JJ AGRO & EDIBLE OIL COMPANY | WOYELA OIL | Cold Pressed Oils | Groundnut Oil | Sesame Oil | Coconut Oil | Manufacturer,Edible Oil Wholesaler,Manufacturer,"Manufacturer, Food manufacturer, Food manufacturing supply, Food Processing Company, Health food store, Organic food store, Store, Wholesaler",762021,Odisha Circle,Berhampur Region,Phulbani Division,"Bamunigaon S.O (Kandhamal), Allanjuri B.O, Gadapur B.O",+91 97919 68257,N/A,5.0,24.0,"JJ AGRO & EDIBLE OIL COMPANY No. 74, Karumbalai Kilakku Kattu Vattam, PO, Karuppur, Salem, Tamil Nadu 636012",Vellakalpatti,11.7078644,78.0957566,ChIJm3-i6UJqPaURliDO1KK3jnc,https://www.google.com/maps/place/?q=place_id:ChIJm3-i6UJqPaURliDO1KK3jnc,part_350,2026-09-20 20:17:46,204
Karthaki Food Oils,Edible Oil Wholesaler,Food products supplier,Food products supplier,762021,Odisha Circle,Berhampur Region,Phulbani Division,"Bamunigaon S.O (Kandhamal), Allanjuri B.O, Gadapur B.O",+91 97635 31117,http://www.karthakioils.com/,5.0,32.0,"nr. zpps school, Gojwada, Maharashtra 413525",762021,18.5055948,75.841056,ChIJ8dJ1TesbxTsR_Xuiph6mGLk,https://www.google.com/maps/place/?q=place_id:ChIJ8dJ1TesbxTsR_Xuiph6mGLk,part_350,2026-09-20 20:17:46,205
Govind Oil Industries Mahalaxmi Enterprises,Edible Oil Wholesaler,Store,"Store, General store, Health food store, Organic shop, Wholesaler",762021,Odisha Circle,Berhampur Region,Phulbani Division,"Bamunigaon S.O (Kandhamal), Allanjuri B.O, Gadapur B.O",+91 88880 17828,https://govindoilindustries.com/,4.9,35.0,"Shop No 1 Samta Nagar, New Sangavi, Pimpri-Chinchwad, Maharashtra 411061","Kirti Nagar, New Sangavi",18.582241099999997,73.8132612,ChIJG4jTEE25wjsRFQ0pFVK9fq8,https://www.google.com/maps/place/?q=place_id:ChIJG4jTEE25wjsRFQ0pFVK9fq8,part_350,2026-09-20 20:17:46,206
Edible Oil Retailers,Edible Oil Wholesaler,Store,Store,762021,Odisha Circle,Berhampur Region,Phulbani Division,"Bamunigaon S.O (Kandhamal), Allanjuri B.O, Gadapur B.O",N/A,N/A,3.0,3.0,"8-209/1, Begum Bazar, Afzal Gunj, Hyderabad, Telangana 500012","Begum Bazar, Afzal Gunj",17.3761333,78.471227,ChIJu20aPoGXyzsRKb6M9CHCbt0,https://www.google.com/maps/place/?q=place_id:ChIJu20aPoGXyzsRKb6M9CHCbt0,part_350,2026-09-20 20:17:46,207
SHREE KRISHNA EDIBLE OIL MILL,Edible Oil Wholesaler,FMCG Manufacturer,FMCG Manufacturer,762021,Odisha Circle,Berhampur Region,Phulbani Division,"Bamunigaon S.O (Kandhamal), Allanjuri B.O, Gadapur B.O",+91 95888 25969,http://shreekrishnaedibleoilmill.com/,5.0,2.0,"JALOOKI ROAD, Govind Garh, Semli Dilawar, Rajasthan 301604",762021,27.4665216,76.9632622,ChIJ_____-LvcjkR0PNqHky9zgk,https://www.google.com/maps/place/?q=place_id:ChIJ_____-LvcjkR0PNqHky9zgk,part_350,2026-09-20 20:17:46,208
Pristine Kalinga,Edible Oil Wholesaler,Company registry,Company registry,762021,Odisha Circle,Berhampur Region,Phulbani Division,"Bamunigaon S.O (Kandhamal), Allanjuri B.O, Gadapur B.O",+91 63707 00758,N/A,4.1,15.0,"Kalinganagar, Bhubaneswar, Odisha 751029",Kalinganagar,20.2696549,85.759638,ChIJ3ZCZA62pGToRuBwSkx9Jwgg,https://www.google.com/maps/place/?q=place_id:ChIJ3ZCZA62pGToRuBwSkx9Jwgg,part_350,2026-09-20 20:17:46,209
RISHAV TRADING CO,Edible Oil Wholesaler,Indian grocery store,Indian grocery store,762021,Odisha Circle,Berhampur Region,Phulbani Division,"Bamunigaon S.O (Kandhamal), Allanjuri B.O, Gadapur B.O",N/A,N/A,3.3,3.0,"5GXC+F8X, Madanpur Rampur, Odisha 766102",762021,20.198731499999997,83.5208529,ChIJCRHtFgCBJDoRlIIB0bpgu4o,https://www.google.com/maps/place/?q=place_id:ChIJCRHtFgCBJDoRlIIB0bpgu4o,part_350,2026-09-20 20:17:46,210
Avanilife Naturals,Edible Oil Wholesaler,Health food store,"Health food store, Flour mill, Food manufacturer, Gourmet grocery store, Organic food store, Spice store, Wholesaler",762021,Odisha Circle,Berhampur Region,Phulbani Division,"Bamunigaon S.O (Kandhamal), Allanjuri B.O, Gadapur B.O",+91 74169 60477,http://www.avanilife.in/,4.9,145.0,"5168, behind BHEL Company, Mac Society, Bharat Heavy Electricals Limited, Ramachandrapuram (BHEL Township), Hyderabad, Telangana 502032","Mac Society, Bharat Heavy Electricals Limited",17.4938081,78.2825056,ChIJlXlPz53tyzsRJzc4UFeH_lg,https://www.google.com/maps/place/?q=place_id:ChIJlXlPz53tyzsRJzc4UFeH_lg,part_350,2026-09-20 20:17:46,211
JITYA FOOD PRODUCTS (oil mill),Edible Oil Wholesaler,Store,Store,762021,Odisha Circle,Berhampur Region,Phulbani Division,"Bamunigaon S.O (Kandhamal), Allanjuri B.O, Gadapur B.O",+91 90000 11557,https://jityafoods.com/,4.5,212.0,"12, Tappa Chabutra Rd, Nataraj Nagar, Asif Nagar, Hyderabad, Telangana 500006","Nataraj Nagar, Asif Nagar",17.3902145,78.4495845,ChIJubkdatmXyzsRMYSHlK_5mXk,https://www.google.com/maps/place/?q=place_id:ChIJubkdatmXyzsRMYSHlK_5mXk,part_350,2026-09-20 20:17:46,212
RISHTA FOOD PRODUCTS,Edible Oil Wholesaler,FMCG Manufacturer,"FMCG Manufacturer, Corporate office",762021,Odisha Circle,Berhampur Region,Phulbani Division,"Bamunigaon S.O (Kandhamal), Allanjuri B.O, Gadapur B.O",+91 80 4376 0534,https://www.rishtafoods.com/,4.5,28.0,"Puri - Cuttack Rd, InFront, off Budheswari Temple, Laxmisagar, Bhubaneswar, Odisha 751006",Laxmisagar,20.2649008,85.8476353,ChIJDcNel0ynGToRu1NSAuZKmQU,https://www.google.com/maps/place/?q=place_id:ChIJDcNel0ynGToRu1NSAuZKmQU,part_350,2026-09-20 20:17:46,213
Rahasya Oils Factory - Lakdi Ghana,Edible Oil Wholesaler,Manufacturer,Manufacturer,762021,Odisha Circle,Berhampur Region,Phulbani Division,"Bamunigaon S.O (Kandhamal), Allanjuri B.O, Gadapur B.O",+91 78430 22333,http://www.rahasyaoil.com/,4.6,,"Vairag road, Madha, Maharashtra 413209",762021,18.0278623,75.52659059999999,ChIJAYHJyJJFxDsRaXB-3QjJ2K0,https://www.google.com/maps/place/?q=place_id:ChIJAYHJyJJFxDsRaXB-3QjJ2K0,part_350,2026-09-20 20:17:46,214
Jaivik Pure Oil,Edible Oil Wholesaler,Food manufacturer,"Food manufacturer, Natural goods store",762021,Odisha Circle,Berhampur Region,Phulbani Division,"Bamunigaon S.O (Kandhamal), Allanjuri B.O, Gadapur B.O",+91 92480 02220,http://www.jaivikpureoil.com/,4.9,,"Plot no, LALITHA NILAYAM, 148/1, Road no 9, behind jaiswal hospital lane, Kalyan nagar -3, Kalyan Nagar, Moti Nagar, Hyderabad, Telangana 500114","Kalyan nagar -3, Kalyan Nagar, Moti Nagar",17.4503378,78.4216557,ChIJETVDtmaRyzsRdFf7jTEmZQA,https://www.google.com/maps/place/?q=place_id:ChIJETVDtmaRyzsRdFf7jTEmZQA,part_350,2026-09-20 20:17:46,215
Chandrahasini Agro Food Products Pvt Ltd,Edible Oil Wholesaler,Manufacturer,Manufacturer,762021,Odisha Circle,Berhampur Region,Phulbani Division,"Bamunigaon S.O (Kandhamal), Allanjuri B.O, Gadapur B.O",+91 85718 16585,https://www.sathiyanfoods.com/,4.8,,"State-Bihar, Khata-9,Khesra No.93/980,NH-531,Toll Plaza chainwa, Vill-chapraith,P.O.-Chainwa P.S.-Rasulpur, Distt, Chapra, Bihar 841204",762021,26.029971999999997,84.4880084,ChIJef8JtfX1kjkRQxGAur2sdV8,https://www.google.com/maps/place/?q=place_id:ChIJef8JtfX1kjkRQxGAur2sdV8,part_350,2026-09-20 20:17:46,216
Vaishadya - Wooden churner oil | lakdi ghana | Pune (Factory Outlet),Edible Oil Wholesaler,Store,"Store, Manufacturer",762021,Odisha Circle,Berhampur Region,Phulbani Division,"Bamunigaon S.O (Kandhamal), Allanjuri B.O, Gadapur B.O",+91 86050 21809,http://www.vaishadya.in/,4.8,,"no 1, 1075, Road, Pune Saswad Rd, Bhekrai Nagar, Tukai Darshan, Pune, Maharashtra 412308","Bhekrai Nagar, Tukai Darshan",18.4890695,73.9493407,ChIJl6gsoZnpwjsRAgiOCIxECvw,https://www.google.com/maps/place/?q=place_id:ChIJl6gsoZnpwjsRAgiOCIxECvw,part_350,2026-09-20 20:17:46,217
SNM Business Pvt. Limited,Edible Oil Wholesaler,Business related,Business related,762021,Odisha Circle,Berhampur Region,Phulbani Division,"Bamunigaon S.O (Kandhamal), Allanjuri B.O, Gadapur B.O",+91 6782 321 126,http://www.snmagro.com/,4.1,,"CVR2+5J8, NH 16, Patara, Odisha 756060",762021,21.440401899999998,86.85156409999999,ChIJ7amApZxgHDoR7pV92QLMXEo,https://www.google.com/maps/place/?q=place_id:ChIJ7amApZxgHDoR7pV92QLMXEo,part_350,2026-09-20 20:17:46,218
R K TRADING CO.,Edible Oil Wholesaler,Wholesale grocer,"Wholesale grocer, Food products supplier, Grocery delivery service, Wholesale Food Store, Wholesale market, Wholesaler",762021,Odisha Circle,Berhampur Region,Phulbani Division,"Bamunigaon S.O (Kandhamal), Allanjuri B.O, Gadapur B.O",+91 70088 17662,N/A,4.6,,"near Hanuman Chabila Mandir, Marwari Para, Jharsuguda, Odisha 768201",Marwari Para,21.8548051,84.0145872,ChIJs0SLp3PnIDoRAQuSRWSQ6Tw,https://www.google.com/maps/place/?q=place_id:ChIJs0SLp3PnIDoRAQuSRWSQ6Tw,part_350,2026-09-20 20:17:46,219
Shrikrupa Oil Centre,Edible Oil Wholesaler,Store,Store,762021,Odisha Circle,Berhampur Region,Phulbani Division,"Bamunigaon S.O (Kandhamal), Allanjuri B.O, Gadapur B.O",+91 96791 17911,N/A,4.7,9.0,"Ramchandra Nagar, Udgir, Maharashtra 413517",Ramchandra Nagar,18.390662499999998,77.1136454,ChIJd_h8tiKqzzsRSmo6CaKYDLs,https://www.google.com/maps/place/?q=place_id:ChIJd_h8tiKqzzsRSmo6CaKYDLs,part_350,2026-09-20 20:17:47,220
Chakan Oil Depot,Edible Oil Wholesaler,Store,"Store, Wholesale grocer",762021,Odisha Circle,Berhampur Region,Phulbani Division,"Bamunigaon S.O (Kandhamal), Allanjuri B.O, Gadapur B.O",+91 93264 47474,N/A,4.9,9.0,"GV29+8V7, Mithapelli Estate, Behind Hotel Samrat, Shankar Sheth, Road, opp. Apsara Theater, Pune, Maharashtra 411037","Vrindavan Society, Guru Nanak Nagar",18.500775,73.8696794,ChIJdUhGXDzAwjsRT5Qvc0sCrl8,https://www.google.com/maps/place/?q=place_id:ChIJdUhGXDzAwjsRT5Qvc0sCrl8,part_350,2026-09-20 20:17:47,221
LivePlus Cold Pressed Oil (Wood Pressed Oil),Edible Oil Wholesaler,Manufacturer,"Manufacturer, Health food store, Kitchen supply store, Organic shop, Store",762021,Odisha Circle,Berhampur Region,Phulbani Division,"Bamunigaon S.O (Kandhamal), Allanjuri B.O, Gadapur B.O",+91 90360 00911,https://www.liveplus.co.in/,4.8,215.0,"1027 Basement, 11th Cross, 24th Main Rd, 1st Sector, HSR Layout, Bengaluru, Karnataka 560102","1st Sector, HSR Layout",12.9173419,77.6493174,ChIJ-VN_lYMUrjsRPRIeHNiGShg,https://www.google.com/maps/place/?q=place_id:ChIJ-VN_lYMUrjsRPRIeHNiGShg,part_350,2026-09-20 20:17:48,222
Pure Drop Mohali - Shankrah Oil Mill,Edible Oil Wholesaler,Wholesaler,"Wholesaler, FMCG Goods Wholesaler, FMCG Manufacturer, Food manufacturing supply, Oil refinery, Store, Food manufacturer",762022,Odisha Circle,Berhampur Region,Phulbani Division,"Kalinga S.O, Balumaha B.O, Duguripadi B.O",+91 95179 99555,http://www.shankrah.com/,4.9,67.0,"Punjab Tractors Limited, Plot No - 86, Shahi Majra, near Swaraj Tractors, Phase 5, Industrial Area, Sector 58, Sahibzada Ajit Singh Nagar, Punjab 160055","Phase 5, Industrial Area, Sector 58",30.7191667,76.706643,ChIJk_q5mB7vDzkRlVLbqhFr4XM,https://www.google.com/maps/place/?q=place_id:ChIJk_q5mB7vDzkRlVLbqhFr4XM,part_350,2026-09-20 20:18:29,6346
Needs Oil Depot,Edible Oil Wholesaler,Wholesaler,Wholesaler,762022,Odisha Circle,Berhampur Region,Phulbani Division,"Kalinga S.O, Balumaha B.O, Duguripadi B.O",N/A,N/A,4.7,35.0,"22-6-650/2, Mir Alam Mandi, Pathar Gatti, Hyderabad, Telangana 500002","Mir Alam Mandi, Pathar Gatti",17.364273999999998,78.4803227,ChIJtVwFvp2ZyzsRw6XpIdLSRGM,https://www.google.com/maps/place/?q=place_id:ChIJtVwFvp2ZyzsRw6XpIdLSRGM,part_350,2026-09-20 20:18:29,6347
B.D Edible Oils Pvt Ltd.,Edible Oil Wholesaler,Manufacturer,"Manufacturer, Exporter",762022,Odisha Circle,Berhampur Region,Phulbani Division,"Kalinga S.O, Balumaha B.O, Duguripadi B.O",+91 98295 87778,http://www.bdedibleoils.com/,4.8,12.0,"F-161 & 164, near Mother Dairy Factory, Jaitpura Industrial Area, Udyog Vihar, Jetpura, Jaipur, Jaitpura, Rajasthan 303704","Jaitpura Industrial Area, Udyog Vihar, Jetpura",27.1185103,75.7269069,ChIJA0jdZ0erbTkRKzRSGfQkhz4,https://www.google.com/maps/place/?q=place_id:ChIJA0jdZ0erbTkRKzRSGfQkhz4,part_350,2026-09-20 20:18:29,6348
SHRI OIL COMPANY,Edible Oil Wholesaler,Wholesaler,"Wholesaler, Coffee wholesaler, Cosmetics store, Natural goods store, Oil refinery, Olive oil manufacturer, Organic food store, Organic shop, Tea Manufacturer, Store",762022,Odisha Circle,Berhampur Region,Phulbani Division,"Kalinga S.O, Balumaha B.O, Duguripadi B.O",+91 96890 55111,N/A,4.8,267.0,"1230 E SHAHU MILL CHOWK, Kolhapur, Maharashtra 416008","Poorvarang, Mahalaxminagar, Rajarampuri",16.696706,74.23870099999999,ChIJCTCYqxUAwTsR39iacTzGhDw,https://www.google.com/maps/place/?q=place_id:ChIJCTCYqxUAwTsR39iacTzGhDw,part_350,2026-09-20 20:18:29,6349
Raj Oil Mills Ltd (Edible Oil Manufacturers),Edible Oil Wholesaler,Wholesaler,"Wholesaler, Oil refinery, Store, Manufacturer",762022,Odisha Circle,Berhampur Region,Phulbani Division,"Kalinga S.O, Balumaha B.O, Duguripadi B.O",+91 22 2302 1997,http://www.rajoilmillsltd.com/,4.5,66.0,"224, Bellasis Rd, Dalal Estate, Mumbai Central, Mumbai, Maharashtra 400008","Dalal Estate, Mumbai Central",18.968629699999997,72.8219907,ChIJ21UmdmzO5zsR3eXRy_k9fxI,https://www.google.com/maps/place/?q=place_id:ChIJ21UmdmzO5zsR3eXRy_k9fxI,part_350,2026-09-20 20:18:29,6350
Pratham Grocery,Edible Oil Wholesaler,Wholesaler,"Wholesaler, Store, Food manufacturer",762022,Odisha Circle,Berhampur Region,Phulbani Division,"Kalinga S.O, Balumaha B.O, Duguripadi B.O",+91 88004 45477,https://orgoils.in/,4.9,108.0,"F-99, Jagdish Nagar, Patel Nagar 3, Patel Nagar, Ghaziabad, Uttar Pradesh 201001","Jagdish Nagar, Patel Nagar 3, Patel Nagar",28.6708398,77.4254667,ChIJn2AezDjxDDkRqYd_Cx3BIi8,https://www.google.com/maps/place/?q=place_id:ChIJn2AezDjxDDkRqYd_Cx3BIi8,part_350,2026-09-20 20:18:29,6351
Arun Oil Industries,Edible Oil Wholesaler,Wholesaler,Wholesaler,762022,Odisha Circle,Berhampur Region,Phulbani Division,"Kalinga S.O, Balumaha B.O, Duguripadi B.O",+91 94221 70635,N/A,3.3,3.0,"Plot No.118/C, beside Gruha Seva Bhandar Co-operative, Industrial Estate, Vishnu Nagar, Nanded, Maharashtra 431602","Industrial Estate, Vishnu Nagar",19.1676347,77.3050457,ChIJhxG4amHW0TsRF4gb8r8tCwo,https://www.google.com/maps/place/?q=place_id:ChIJhxG4amHW0TsRF4gb8r8tCwo,part_350,2026-09-20 20:18:29,6352
Shri Shivganga Traders,Edible Oil Wholesaler,Supermarket,"Supermarket, FMCG Goods Wholesaler, FMCG Manufacturer",762022,Odisha Circle,Berhampur Region,Phulbani Division,"Kalinga S.O, Balumaha B.O, Duguripadi B.O",+91 99604 34210,N/A,5.0,4.0,"Stadium Rd, Industrial Estate, Vishnu Nagar, Nanded, Maharashtra 431602","Industrial Estate, Vishnu Nagar",19.1676035,77.3083833,ChIJqcMEUmfW0TsR1ZOVtz9LApk,https://www.google.com/maps/place/?q=place_id:ChIJqcMEUmfW0TsR1ZOVtz9LApk,part_350,2026-09-20 20:18:29,6353
SHIV SHAKTI OIL MILLS,Edible Oil Wholesaler,Manufacturer,"Manufacturer, FMCG Manufacturer",762022,Odisha Circle,Berhampur Region,Phulbani Division,"Kalinga S.O, Balumaha B.O, Duguripadi B.O",+91 98315 25003,N/A,3.8,5.0,"Chittaranjan - Neamatpur Rd, Chalbalpur, West Bengal 713359",762022,23.7341895,86.8748632,ChIJ____o93f9jkRXbr8_rxhH88,https://www.google.com/maps/place/?q=place_id:ChIJ____o93f9jkRXbr8_rxhH88,part_350,2026-09-20 20:18:29,6354
Satish Oil Products Pvt. Ltd.,Edible Oil Wholesaler,FMCG Manufacturer,"FMCG Manufacturer, FMCG Goods Wholesaler, Food manufacturing supply, Food Processing Company, Food products supplier, Manufacturer, Oil refinery, Store",762022,Odisha Circle,Berhampur Region,Phulbani Division,"Kalinga S.O, Balumaha B.O, Duguripadi B.O",+91 77288 48395,https://www.shriom.in/,5.0,13.0,"Riico Industrial Area Ph1, Phase 1, Rico Industrial Area, Newai, Rajasthan 304021","Riico Industrial Area Ph1, Phase 1, Rico Industrial Area",26.3600669,75.941881,ChIJ81efkt5wbjkRkIGBrSR1p_Y,https://www.google.com/maps/place/?q=place_id:ChIJ81efkt5wbjkRkIGBrSR1p_Y,part_350,2026-09-20 20:18:30,6355
Morni Foods India,Edible Oil Wholesaler,FMCG Manufacturer,FMCG Manufacturer,762022,Odisha Circle,Berhampur Region,Phulbani Division,"Kalinga S.O, Balumaha B.O, Duguripadi B.O",+91 77920 02121,https://mornifoods.in/,4.9,63.0,"261, PILOD, Bhaothari, Pilod, Rajasthan 333029",762022,28.379707399999997,75.7881565,ChIJuRA2UPXhEjkRpVBvim21Ftc,https://www.google.com/maps/place/?q=place_id:ChIJuRA2UPXhEjkRpVBvim21Ftc,part_350,2026-09-20 20:18:30,6356
ECO PURE OIL MILL,Edible Oil Wholesaler,Store,Store,762022,Odisha Circle,Berhampur Region,Phulbani Division,"Kalinga S.O, Balumaha B.O, Duguripadi B.O",N/A,N/A,4.9,33.0,"Plot No.-B-1 Borkhandi Nayanohra, Kota, Rajasthan 324007",762022,25.1867534,75.92877539999999,ChIJN4OUmgWRbzkRs_H58f4TSM0,https://www.google.com/maps/place/?q=place_id:ChIJN4OUmgWRbzkRs_H58f4TSM0,part_350,2026-09-20 20:18:30,6357
Omja Oils and Agro,Edible Oil Wholesaler,Manufacturer,"Manufacturer, Food products supplier",762022,Odisha Circle,Berhampur Region,Phulbani Division,"Kalinga S.O, Balumaha B.O, Duguripadi B.O",+91 72101 10101,http://omjaindia.com/,4.9,67.0,"E 522, Sector 7, Palam Extension, Sector 7 Dwarka, Dwarka, New Delhi, Delhi, 110075","Sector 7, Palam Extension, Sector 7 Dwarka, Dwarka",28.5849807,77.07257969999999,ChIJVVVVlT0bDTkRuoLMEeIEO2Y,https://www.google.com/maps/place/?q=place_id:ChIJVVVVlT0bDTkRuoLMEeIEO2Y,part_350,2026-09-20 20:18:30,6358
House of oils,Edible Oil Wholesaler,Store,Store,762022,Odisha Circle,Berhampur Region,Phulbani Division,"Kalinga S.O, Balumaha B.O, Duguripadi B.O",+91 94403 27748,N/A,4.5,29.0,"18-95/a, chaitanyapuri Saroornagar, Hyderabad, Telangana 500060","VR Colony, Kamala Nagar, Dilsukhnagar",17.368218,78.53211069999999,ChIJgfIK0oCZyzsRHaDP3ecklTg,https://www.google.com/maps/place/?q=place_id:ChIJgfIK0oCZyzsRHaDP3ecklTg,part_350,2026-09-20 20:18:30,6359
Sarvottam Foods Cold Pressed Oils (Lakdi Ghana - लाकडी घाणा),Edible Oil Wholesaler,Store,"Store, Gourmet grocery store, Natural goods store, Organic shop, Spice store",762022,Odisha Circle,Berhampur Region,Phulbani Division,"Kalinga S.O, Balumaha B.O, Duguripadi B.O",+91 77376 44141,http://www.sarvottamfoods.co.in/,5.0,371.0,"Sr.No. 28/4, 18 Magnitude, Road, near Somani Residency, Kate Wasti, Punawale, Pimpri-Chinchwad, Pune, Maharashtra 411033","Kate Wasti, Punawale",18.6247668,73.73292,ChIJE5MI9MG7wjsRDK-r2i5L4ag,https://www.google.com/maps/place/?q=place_id:ChIJE5MI9MG7wjsRDK-r2i5L4ag,part_350,2026-09-20 20:18:30,6360
Bhushan Oils And Fats,Edible Oil Wholesaler,FMCG Manufacturer,FMCG Manufacturer,762022,Odisha Circle,Berhampur Region,Phulbani Division,"Kalinga S.O, Balumaha B.O, Duguripadi B.O",+91 82959 71962,https://www.bhushanoils.com/,4.3,30.0,"10 Th K, M. Stone, Ambala - Hisar Rd, V&P.O, Ballana, Ambala, Haryana 134008",V&P.O,30.313690899999997,76.7251541,ChIJH5irxK7ODzkRE0eEDVn33Qc,https://www.google.com/maps/place/?q=place_id:ChIJH5irxK7ODzkRE0eEDVn33Qc,part_350,2026-09-20 20:18:30,6361
VC NATURAL OILS,Edible Oil Wholesaler,Manufacturer,"Manufacturer, Exporter, Wholesaler",762022,Odisha Circle,Berhampur Region,Phulbani Division,"Kalinga S.O, Balumaha B.O, Duguripadi B.O",+91 98701 93499,https://vcnaturaloils.com/,5.0,36.0,"470, Udyog Vihar Phase V Rd, Phase V, Udyog Vihar, Sector 19, Gurugram, Haryana 122016","Phase V, Udyog Vihar, Sector 19",28.4984619,77.08586559999999,ChIJxQzkyLUZDTkRw1KB9yY7-3Y,https://www.google.com/maps/place/?q=place_id:ChIJxQzkyLUZDTkRw1KB9yY7-3Y,part_350,2026-09-20 20:18:31,6362
Sri Kanyakaparameshwari Oil Mills,Edible Oil Wholesaler,Store,Store,762022,Odisha Circle,Berhampur Region,Phulbani Division,"Kalinga S.O, Balumaha B.O, Duguripadi B.O",+91 80 2666 3830,N/A,4.2,311.0,"Shop No. 14, 12th Cross, Subhash Chandra Bose Rd, Kadarenahalli, Bendre Nagar, Bengaluru, Karnataka 560070","Kadarenahalli, Banashankari 2nd Stage, Bendre Nagar",12.913809299999999,77.5619984,ChIJ-3oX9n0VrjsRcr8VfdqgRgw,https://www.google.com/maps/place/?q=place_id:ChIJ-3oX9n0VrjsRcr8VfdqgRgw,part_350,2026-09-20 20:18:31,6363
Shri Maa Oils Ltd.,Edible Oil Wholesaler,Store,Store,762022,Odisha Circle,Berhampur Region,Phulbani Division,"Kalinga S.O, Balumaha B.O, Duguripadi B.O",+91 78799 36191,http://shrimaaoils.com/,4.6,13.0,"Grace”, 1, Ring Rd Square Musakhedi, Khisnpuri Colony, Babul Nagar, Dev Nagar, Indore, Madhya Pradesh 452020","Khisnpuri Colony, Babul Nagar, Dev Nagar",22.6901857,75.8970204,ChIJG5NFyNL8YjkR9-a-wldjcmk,https://www.google.com/maps/place/?q=place_id:ChIJG5NFyNL8YjkR9-a-wldjcmk,part_350,2026-09-20 20:18:31,6364
EHAS OIL MILL,Edible Oil Wholesaler,Manufacturer,"Manufacturer, FMCG Manufacturer, Food manufacturer, Grocery delivery service, Indian grocery store",762022,Odisha Circle,Berhampur Region,Phulbani Division,"Kalinga S.O, Balumaha B.O, Duguripadi B.O",+91 97000 06717,https://www.ehas.in/,5.0,23.0,"No.53, Jain Nagar, Dam Road, near Kaveriamman Temple, Avalapalli, Hosur, Tamil Nadu 635109",762022,12.7647684,77.85314749999999,ChIJXd9sVjB3rjsRvGwA2qbOLAU,https://www.google.com/maps/place/?q=place_id:ChIJXd9sVjB3rjsRvGwA2qbOLAU,part_350,2026-09-20 20:18:31,6365
Srinivasa Oil Mill,Edible Oil Wholesaler,Store,"Store, Mill, Wholesaler",762022,Odisha Circle,Berhampur Region,Phulbani Division,"Kalinga S.O, Balumaha B.O, Duguripadi B.O",+91 86184 75117,N/A,4.5,55.0,"Halasuru, Someshwarpura, Bengaluru, Karnataka 560008","Halasuru, Someshwarpura",12.9781801,77.622973,ChIJy0u4Q5oWrjsRPRGtkwXn42U,https://www.google.com/maps/place/?q=place_id:ChIJy0u4Q5oWrjsRPRGtkwXn42U,part_350,2026-09-20 20:18:31,6366
Shree Uday Oil & Foods Industries,Edible Oil Wholesaler,Food products supplier,Food products supplier,762022,Odisha Circle,Berhampur Region,Phulbani Division,"Kalinga S.O, Balumaha B.O, Duguripadi B.O",+91 93770 11342,https://udayoilgroup.com/,4.9,,"Plot No. 3240, Ta, Phase 3, GIDC Chhatral, Kalol, Chhatral, Gujarat 382729","Phase 3, GIDC Chhatral",23.2915976,72.448796,ChIJM40cs1QlXDkRlXEUWW6XKkA,https://www.google.com/maps/place/?q=place_id:ChIJM40cs1QlXDkRlXEUWW6XKkA,part_350,2026-09-20 20:18:32,6367
UNIQUE ENTERPRISE ( EDIBLE / COOKING OIL ),Edible Oil Wholesaler,Wholesaler,Wholesaler,762022,Odisha Circle,Berhampur Region,Phulbani Division,"Kalinga S.O, Balumaha B.O, Duguripadi B.O",N/A,N/A,4.6,,"141/A SAFUI PARA BAIDYA PARA KOLKATA-700 078 Post Office : HALTU Police Station :, West Bengal 700078","Arobindo Park, Haltu",22.4999198,88.3833233,ChIJbxZDQEdxAjoRYe1PJOVMaWg,https://www.google.com/maps/place/?q=place_id:ChIJbxZDQEdxAjoRYe1PJOVMaWg,part_350,2026-09-20 20:18:32,6368
Hetaksh Essential Oils,Edible Oil Wholesaler,Manufacturer,Manufacturer,762022,Odisha Circle,Berhampur Region,Phulbani Division,"Kalinga S.O, Balumaha B.O, Duguripadi B.O",+91 98718 88705,https://hetakshessentialoils.com/,4.9,,"Ground Floor, WZ-106/81, behind CAMBRIDGE FOUNDATION SCHOOL, Block J, Rajouri Garden Extension, Rajouri Garden, New Delhi, Delhi, 110027","Block J, Rajouri Garden Extension, Rajouri Garden",28.6398595,77.1141284,ChIJfTs9cjUDDTkRo6A9oWKIcD0,https://www.google.com/maps/place/?q=place_id:ChIJfTs9cjUDDTkRo6A9oWKIcD0,part_350,2026-09-20 20:18:32,6369
SHREE DHANALAXMI FOOD PRODUCTS RICE BRAN OILRICE,Edible Oil Wholesaler,Manufacturer,Manufacturer,762023,Odisha Circle,Berhampur Region,Phulbani Division,"Jhadrajing S.O, Adenigarh B.O, Gundribida B.O",N/A,N/A,4.6,10.0,"3PQW+X44, Singhijuba, Odisha 767045",762023,21.089881899999998,83.74532599999999,ChIJT6eyRR5RIToRJQsB-e0zchQ,https://www.google.com/maps/place/?q=place_id:ChIJT6eyRR5RIToRJQsB-e0zchQ,part_350,2026-09-20 20:19:15,12690
Priti Oil Ltd.,Edible Oil Wholesaler,Oil refinery,"Oil refinery, Food & Beverage Exporter",762023,Odisha Circle,Berhampur Region,Phulbani Division,"Jhadrajing S.O, Adenigarh B.O, Gundribida B.O",+91 663 256 0536,N/A,3.6,95.0,"New Rampella, Rengali, Sambalpur, Odisha 768212",New Rampella,21.624357699999997,84.04421219999999,ChIJh9ADI7wbIToR6O4qxX_A2Jc,https://www.google.com/maps/place/?q=place_id:ChIJh9ADI7wbIToR6O4qxX_A2Jc,part_350,2026-09-20 20:19:15,12691
Agrawalla Store,Edible Oil Wholesaler,Wholesale Food Store,"Wholesale Food Store, Wholesaler",762023,Odisha Circle,Berhampur Region,Phulbani Division,"Jhadrajing S.O, Adenigarh B.O, Gundribida B.O",+91 97777 10027,N/A,4.8,5.0,"Khetrajpur, Sambalpur, Odisha 768003",Khetrajpur,21.4823701,83.9566073,ChIJu-kRsmsWIToR11HxWtYPg9g,https://www.google.com/maps/place/?q=place_id:ChIJu-kRsmsWIToR11HxWtYPg9g,part_350,2026-09-20 20:19:15,12692
"Groocy: Chicken, Fish & More",Edible Oil Wholesaler,Grocery delivery service,"Grocery delivery service, Chicken & Mutton Shop, Chicken shop, Delivery service, Meat products store, Meat wholesaler, Milk delivery service, Produce market, Seafood wholesaler",762023,Odisha Circle,Berhampur Region,Phulbani Division,"Jhadrajing S.O, Adenigarh B.O, Gundribida B.O",+91 70778 94742,https://www.groocy.in/,5.0,33.0,"Kunjelpada, Sambalpur, Odisha 768001",Kunjelpada,21.469889,83.966819,ChIJrQRJ5YIXIToRoY92aPGerxQ,https://www.google.com/maps/place/?q=place_id:ChIJrQRJ5YIXIToRoY92aPGerxQ,part_350,2026-09-20 20:19:15,12693
Sriyansh solvent solution Pvt ltd,Edible Oil Wholesaler,Oil refinery,"Oil refinery, Food Processing Company",762023,Odisha Circle,Berhampur Region,Phulbani Division,"Jhadrajing S.O, Adenigarh B.O, Gundribida B.O",+91 95562 14552,N/A,4.2,10.0,"Kamira, Odisha 767045",762023,21.085086,83.72776789999999,ChIJtdx9RQBRIToR9PHbaoSniwo,https://www.google.com/maps/place/?q=place_id:ChIJtdx9RQBRIToR9PHbaoSniwo,part_350,2026-09-20 20:19:15,12694
Quick Bites Corner,Edible Oil Wholesaler,Wholesaler,"Wholesaler, Fast food restaurant",762023,Odisha Circle,Berhampur Region,Phulbani Division,"Jhadrajing S.O, Adenigarh B.O, Gundribida B.O",+91 91781 87969,N/A,5.0,2.0,"Hp Petrol Pump, Krishna Nagar, Khetrajpur, Sambalpur, Odisha 768003","Krishna Nagar, Khetrajpur",21.4862653,83.95376139999999,ChIJ_ywWpC8XIToR-ARQbRs2pGc,https://www.google.com/maps/place/?q=place_id:ChIJ_ywWpC8XIToR-ARQbRs2pGc,part_350,2026-09-20 20:19:15,12695
B. M. Daily Needs,Edible Oil Wholesaler,General store,General store,762023,Odisha Circle,Berhampur Region,Phulbani Division,"Jhadrajing S.O, Adenigarh B.O, Gundribida B.O",+91 94370 52473,N/A,4.3,,"FXFG+QH4, G M College Chowk, near SBI ATM, Sambalpur, Odisha 768001","Gujurati Colony, Sakhipara",21.4743992,83.9764482,ChIJazMYeIgWIToRvqVDp4cpPn0,https://www.google.com/maps/place/?q=place_id:ChIJazMYeIgWIToRvqVDp4cpPn0,part_350,2026-09-20 20:19:16,12696
MANGAL MURTI SEEDS PVT LTD,Edible Oil Wholesaler,Manufacturer,"Manufacturer, Agricultural production, Agricultural service, Agrochemicals Supplier, Biotechnology company, Fertilizer Store, Research and product development, Rice mill, Agricultural Seed Store, Training center",762023,Odisha Circle,Berhampur Region,Phulbani Division,"Jhadrajing S.O, Adenigarh B.O, Gundribida B.O",+91 96923 83683,http://website.mmseeds.net/,4.0,,"Attabira, Odisha 768027",762023,21.3625173,83.7801109,ChIJH0xANT45IToRg86PaqJTDPk,https://www.google.com/maps/place/?q=place_id:ChIJH0xANT45IToRg86PaqJTDPk,part_350,2026-09-20 20:19:16,12697
Sudhansu Kirana Dukan,Edible Oil Wholesaler,Indian grocery store,Indian grocery store,762023,Odisha Circle,Berhampur Region,Phulbani Division,"Jhadrajing S.O, Adenigarh B.O, Gundribida B.O",N/A,N/A,4.3,,"J2RW+2XR, Rengali, Odisha 768212",762023,21.640115599999998,84.0473895,ChIJT8n-ipAbIToReqXP89F_5h0,https://www.google.com/maps/place/?q=place_id:ChIJT8n-ipAbIToReqXP89F_5h0,part_350,2026-09-20 20:19:16,12698
"Debta Enterprises,Gangadhar Nagar Word no14 Bargarh",Edible Oil Wholesaler,Supermarket,Supermarket,762023,Odisha Circle,Berhampur Region,Phulbani Division,"Jhadrajing S.O, Adenigarh B.O, Gundribida B.O",+91 6646 230 217,N/A,3.8,,"Gangadhar Nagar, Govindpali, Bargarh, Odisha 768028","Subhash Nagar, Govindpali",21.3353719,83.6293566,ChIJcwnVCoxKIToRJ41YYC89VQQ,https://www.google.com/maps/place/?q=place_id:ChIJcwnVCoxKIToRJ41YYC89VQQ,part_350,2026-09-20 20:19:16,12699
Jio-bp,Edible Oil Wholesaler,Petrol Pump,"Petrol Pump, Diesel fuel supplier, Electric vehicle charging station, Fuel supplier, Gas Agency",762023,Odisha Circle,Berhampur Region,Phulbani Division,"Jhadrajing S.O, Adenigarh B.O, Gundribida B.O",+91 82609 50221,https://mobilitystation.jiobp.com/jio-bp-trinity-enterprises-petrol-pump-kansar-sambalpur-523954,4.9,,"Khata No 71, Plot No 337/1195, 94 Jujumura, Kansar, Odisha 768105",762023,21.273308,84.135065,ChIJ8ahM18RxIToRzoIUYdb8SaI,https://www.google.com/maps/place/?q=place_id:ChIJ8ahM18RxIToRzoIUYdb8SaI,part_350,2026-09-20 20:19:16,12700
R K TRADING CO,Edible Oil Wholesaler,Wholesale grocer,"Wholesale grocer, Grocery delivery service, Supermarket",762023,Odisha Circle,Berhampur Region,Phulbani Division,"Jhadrajing S.O, Adenigarh B.O, Gundribida B.O",+91 97778 55550,N/A,4.8,,"Sanjivani Hospital Lane, Bypass Road, Jharsuguda, Odisha 768201",Chowki Para,21.8530764,84.00064909999999,ChIJU6eKL5LnIDoRLMESrljU-6U,https://www.google.com/maps/place/?q=place_id:ChIJU6eKL5LnIDoRLMESrljU-6U,part_350,2026-09-20 20:19:16,12701
REVEALS MART- SUPER MARKET,Edible Oil Wholesaler,Supermarket,"Supermarket, Cosmetics store, Countertop store, Grocery delivery service, Ice cream shop, Indian grocery store, Shopping mall, Stationery store",762023,Odisha Circle,Berhampur Region,Phulbani Division,"Jhadrajing S.O, Adenigarh B.O, Gundribida B.O",+91 99402 38114,N/A,4.4,,"Near Sonapali School, Mainroad from bhutapada to dhankauda, Raja nagar, Sonapali, Odisha 768001","Forest Colony, Raja nagar",21.4695215,83.9927956,ChIJ88SM9M0VIToRm3YUlWQUwjg,https://www.google.com/maps/place/?q=place_id:ChIJ88SM9M0VIToRm3YUlWQUwjg,part_350,2026-09-20 20:19:16,12702
Aroha Edible,Edible Oil Wholesaler,Wholesaler,"Wholesaler, Dry Fruit Store, Spices Exporter, Sugar factory, Fruits & Vegetable Wholesaler, Exporter",762023,Odisha Circle,Berhampur Region,Phulbani Division,"Jhadrajing S.O, Adenigarh B.O, Gundribida B.O",+91 92501 01554,https://arohaedible.com/,4.8,,"Aroha edible oils, main road, Koyla Nagar, Daheli Sujanpur, Kanpur, Uttar Pradesh 208021","Koyla Nagar, Daheli Sujanpur",26.394240099999998,80.3618072,ChIJ_9PjgMNHnDkRPKVWr1KgYcA,https://www.google.com/maps/place/?q=place_id:ChIJ_9PjgMNHnDkRPKVWr1KgYcA,part_350,2026-09-20 20:19:17,12703
Anika edible oil and food,Edible Oil Wholesaler,Food products supplier,"Food products supplier, Food manufacturer",762023,Odisha Circle,Berhampur Region,Phulbani Division,"Jhadrajing S.O, Adenigarh B.O, Gundribida B.O",+91 76075 62632,http://www.pureganix.in/,4.9,,"Village-Bhagwanpur post-mirjapur, Balrampur, Uttar Pradesh 271201",762023,27.438449,82.3177035,ChIJNbcdJipllzkRu2-6Rcq8DhA,https://www.google.com/maps/place/?q=place_id:ChIJNbcdJipllzkRu2-6Rcq8DhA,part_350,2026-09-20 20:19:17,12704
BOMBAY OIL MILL,Edible Oil Wholesaler,Manufacturer,Manufacturer,762023,Odisha Circle,Berhampur Region,Phulbani Division,"Jhadrajing S.O, Adenigarh B.O, Gundribida B.O",N/A,N/A,4.9,,"Shed B-4 Industrial area, Bihar 802101","Maruti Housing Colony, Industrial Area Buxar, Niranjanpur",25.580790099999998,83.99860269999999,ChIJA8xrzrh1kjkRBxm3oLZHCQk,https://www.google.com/maps/place/?q=place_id:ChIJA8xrzrh1kjkRBxm3oLZHCQk,part_350,2026-09-20 20:19:17,12705
Khandelwal Edible Oils Pvt. Ltd.,Edible Oil Wholesaler,Wholesaler,Wholesaler,762023,Odisha Circle,Berhampur Region,Phulbani Division,"Jhadrajing S.O, Adenigarh B.O, Gundribida B.O",+91 99270 92632,http://www.keo.co.in/,4.0,,"Near Future College, Gausganj Sarai NH-30 Bareilly, Shahjhanpur Road, Tehsil, Faridpur, Uttar Pradesh 243503",Tehsil,28.2239065,79.52713299999999,ChIJIZxW4tUGoDkRuQ3d4siWnXU,https://www.google.com/maps/place/?q=place_id:ChIJIZxW4tUGoDkRuQ3d4siWnXU,part_350,2026-09-20 20:19:17,12706
D K Edible Oils Pvt. Ltd.,Edible Oil Wholesaler,Mill,Mill,762023,Odisha Circle,Berhampur Region,Phulbani Division,"Jhadrajing S.O, Adenigarh B.O, Gundribida B.O",N/A,N/A,5.0,,"Umedgarh Bansi, Madhya Pradesh 476219",762023,26.4639652,77.9058699,ChIJkZl_LxOtdjkRWzh-mBgyGtE,https://www.google.com/maps/place/?q=place_id:ChIJkZl_LxOtdjkRWzh-mBgyGtE,part_350,2026-09-20 20:19:17,12707
Wellngood Mustard oil,Edible Oil Wholesaler,Food products supplier,"Food products supplier, Food manufacturer, Food manufacturing supply, Food Processing Company",762023,Odisha Circle,Berhampur Region,Phulbani Division,"Jhadrajing S.O, Adenigarh B.O, Gundribida B.O",+91 70079 72055,http://www.apsindiafoodproducts.com/,4.4,,"Bagdudi Bagar, Pem, Mandhana, Uttar Pradesh 209217",Bagdudi Bagar,26.556041,80.2233098,ChIJxXt2udkxnDkRzDHXItg7xv8,https://www.google.com/maps/place/?q=place_id:ChIJxXt2udkxnDkRzDHXItg7xv8,part_350,2026-09-20 20:19:17,12708
Edible oil factory,Edible Oil Wholesaler,Wholesaler,Wholesaler,762023,Odisha Circle,Berhampur Region,Phulbani Division,"Jhadrajing S.O, Adenigarh B.O, Gundribida B.O",N/A,N/A,,,"G74G+CQC, kobahara marga, Biratnagar, Koshi Province 56613, Nepal",762023,26.5061774,87.27698939999999,ChIJh4ybRQBz7zkRzzN1rYeT0F0,https://www.google.com/maps/place/?q=place_id:ChIJh4ybRQBz7zkRzzN1rYeT0F0,part_350,2026-09-20 20:19:17,12709
Edible Products India Ltd,Edible Oil Wholesaler,Corporate office,Corporate office,762023,Odisha Circle,Berhampur Region,Phulbani Division,"Jhadrajing S.O, Adenigarh B.O, Gundribida B.O",+91 89815 41956,http://ediblegroup.in/,4.3,,"Gopal Chandra, 1/1A & B, Gopal Mukherjee Rd, Chunibabu Bazar, Sawdagarh Pally, Kolkata, West Bengal 700002","Chunibabu Bazar, Sawdagarh Pally",22.6123104,88.37629869999999,ChIJ8UUvjZWd-DkRdhJFJOQnwKk,https://www.google.com/maps/place/?q=place_id:ChIJ8UUvjZWd-DkRdhJFJOQnwKk,part_350,2026-09-20 20:19:18,12710
Sunshine Foods Pvt. Ltd. (Maya Cooking Oil),Edible Oil Wholesaler,Oil refinery,Oil refinery,762023,Odisha Circle,Berhampur Region,Phulbani Division,"Jhadrajing S.O, Adenigarh B.O, Gundribida B.O",N/A,http://mayacookingoil.com/,4.7,,"Bhelai, near bhelai pokhiri Omsatiya - 5 Omsatiya - 5, 32900, Nepal",762023,27.5215246,83.5179938,ChIJtb53AJCdljkRX2y07lfF3Zc,https://www.google.com/maps/place/?q=place_id:ChIJtb53AJCdljkRX2y07lfF3Zc,part_350,2026-09-20 20:19:18,12711
Mantora Oil Products,Edible Oil Wholesaler,Manufacturer,"Manufacturer, Corporate office",762024,Odisha Circle,Berhampur Region,Phulbani Division,"Biranarasinghpur S.O, Bamanda B.O, Bilabadi B.O",+91 92060 74221,https://mantoragroup.com/,4.1,99.0,"26 / 49, Birhana Rd, Karachi Khana, Naughara, General Ganj, Kanpur, Uttar Pradesh 208001","Karachi Khana, Naughara, General Ganj",26.4635745,80.35678469999999,ChIJVx4szFBHnDkRf00spEH2t1c,https://www.google.com/maps/place/?q=place_id:ChIJVx4szFBHnDkRf00spEH2t1c,part_350,2026-09-20 20:20:01,17672
Namma Village Oil Arekere,Edible Oil Wholesaler,Manufacturer,"Manufacturer, Store",762024,Odisha Circle,Berhampur Region,Phulbani Division,"Biranarasinghpur S.O, Bamanda B.O, Bilabadi B.O",+91 89516 62008,http://www.nammavillageoil.com/,4.9,135.0,"Bus Stand, No:84, Bannerghatta Rd, Arekere MICO Layout 2nd stage, Lakshmi Layout, Arekere, Bengaluru, Karnataka 560076","Arekere MICO Layout 2nd stage, Lakshmi Layout, Arekere",12.8892645,77.5940507,ChIJwZLTrvsVrjsRnPxdw5V7FrY,https://www.google.com/maps/place/?q=place_id:ChIJwZLTrvsVrjsRnPxdw5V7FrY,part_350,2026-09-20 20:20:01,17673
Viviktha Life - The Pure Woodpreseed Oil,Edible Oil Wholesaler,Store,"Store, Spices Wholesaler",762024,Odisha Circle,Berhampur Region,Phulbani Division,"Biranarasinghpur S.O, Bamanda B.O, Bilabadi B.O",+91 98866 21400,https://www.viviktha.in/,4.9,129.0,"2299 MIG, 3rd phase, Yelahanka Satellite Town, Yelahanka New Town, Bengaluru, Karnataka 560064","3rd phase, Yelahanka Satellite Town, Yelahanka New Town",13.0950811,77.57918289999999,ChIJJzZnrOMZrjsR_mnHY9YgrTI,https://www.google.com/maps/place/?q=place_id:ChIJJzZnrOMZrjsR_mnHY9YgrTI,part_350,2026-09-20 20:20:01,17674
Medhavi SuperFoods - Best Wood Cold Pressed Oils,Edible Oil Wholesaler,FMCG Manufacturer,FMCG Manufacturer,762024,Odisha Circle,Berhampur Region,Phulbani Division,"Biranarasinghpur S.O, Bamanda B.O, Bilabadi B.O",+91 98868 89637,https://www.medhavisuperfoods.com/,5.0,31.0,"7-1535(A, Jaya Institiute Road, Southern Extension, Kollegala, Karnataka 571440",Southern Extension,12.154738499999999,77.1053385,ChIJ7e-Ys8sfrzsRTKhDoQOS0cc,https://www.google.com/maps/place/?q=place_id:ChIJ7e-Ys8sfrzsRTKhDoQOS0cc,part_350,2026-09-20 20:20:01,17675
upaj oil mill,Edible Oil Wholesaler,Wholesaler,"Wholesaler, Store, Manufacturer",762024,Odisha Circle,Berhampur Region,Phulbani Division,"Biranarasinghpur S.O, Bamanda B.O, Bilabadi B.O",+91 90012 27744,http://www.upajoil.com/,5.0,161.0,"Railway Station, A-20, behind Mahamandir, Marwar Nagar, Maha Mandir Area, Jodhpur, Rajasthan 342006","Marwar Nagar, Maha Mandir Area",26.3086099,73.0396971,ChIJdyD9uPmNQTkR5zcqFyzfjT8,https://www.google.com/maps/place/?q=place_id:ChIJdyD9uPmNQTkR5zcqFyzfjT8,part_350,2026-09-20 20:20:01,17676
Vaibhav Edibles Pvt Ltd,Edible Oil Wholesaler,Oil refinery,Oil refinery,762024,Odisha Circle,Berhampur Region,Phulbani Division,"Biranarasinghpur S.O, Bamanda B.O, Bilabadi B.O",+91 93692 88078,https://www.vaibhavedibles.com/,4.4,71.0,"Fatehpur Roshnai, Rania, Uttar Pradesh 209101",762024,26.415520599999997,80.1069869,ChIJazDTwZ1LnDkRO1Ue5AX6PQY,https://www.google.com/maps/place/?q=place_id:ChIJazDTwZ1LnDkRO1Ue5AX6PQY,part_350,2026-09-20 20:20:01,17677
BANSHI UDYOG,Edible Oil Wholesaler,Oil & natural gas company,Oil & natural gas company,762024,Odisha Circle,Berhampur Region,Phulbani Division,"Biranarasinghpur S.O, Bamanda B.O, Bilabadi B.O",+91 89105 19879,http://bansaloilmill.com/,4.8,,"9/3, 9, Graham Rd, Kamarhati, Ariadaha, Kolkata, West Bengal 700058","Kamarhati, Ariadaha",22.677127499999997,88.37125759999999,ChIJVVUZYluc-DkRgvhYSXfSpR8,https://www.google.com/maps/place/?q=place_id:ChIJVVUZYluc-DkRgvhYSXfSpR8,part_350,2026-09-20 20:20:02,17678
Raj Oil Trading,Edible Oil Wholesaler,Wholesaler,Wholesaler,762027,Odisha Circle,Berhampur Region,Phulbani Division,"Linepada S.O, Bapalamendi B.O, Dankuni B.O",+91 22 2612 3736,N/A,3.9,12.0,"Vanmali Chawl, 240, Nehru Rd, Navpada, Vile Parle East, Vile Parle, Mumbai, Maharashtra 400057","Navpada, Vile Parle East, Vile Parle",19.0984749,72.84461739999999,ChIJqV1DT7HJ5zsRN6exbaUPWdA,https://www.google.com/maps/place/?q=place_id:ChIJqV1DT7HJ5zsRN6exbaUPWdA,part_350,2026-09-20 20:21:29,20500
Royal Edible Company,Edible Oil Wholesaler,Store,Store,762027,Odisha Circle,Berhampur Region,Phulbani Division,"Linepada S.O, Bapalamendi B.O, Dankuni B.O",+91 81118 80246,http://www.royalrichindia.com/,4.1,,"P.O, Eravathoor, Road, Annamanada, Keralam 680732",762027,10.2088301,76.3089847,ChIJXSYUd_EECDsRNThnr2kcKMs,https://www.google.com/maps/place/?q=place_id:ChIJXSYUd_EECDsRNThnr2kcKMs,part_350,2026-09-20 20:21:31,20501
Sri Lakshmi Oil Store,Edible Oil Wholesaler,Wholesaler,"Wholesaler, Oil refinery, Store",762027,Odisha Circle,Berhampur Region,Phulbani Division,"Linepada S.O, Bapalamendi B.O, Dankuni B.O",+91 99525 31442,N/A,4.6,13.0,"E Marret St, near LAKSHMI TRADERS, Nelpettai, Madurai Main, Madurai, Tamil Nadu 625001","Nelpettai, Madurai Main",9.9222193,78.12462409999999,ChIJD8nn8JrFADsRZrEh4kFJPo4,https://www.google.com/maps/place/?q=place_id:ChIJD8nn8JrFADsRZrEh4kFJPo4,part_350,2026-09-20 20:21:31,20502
"Ashoka Oil (Edible Oil) - Best Mustard Oil Manufacturer In Jaipur, Rajasthan",Edible Oil Wholesaler,Wholesaler,"Wholesaler, Oil refinery, Manufacturer",762027,Odisha Circle,Berhampur Region,Phulbani Division,"Linepada S.O, Bapalamendi B.O, Dankuni B.O",+91 1429 216 501,http://www.ashokaoils.com/,4.8,13.0,"Inside Data Ingenious Global Limited, Station Rd, Green Nagar, Vasundhara Colony, Durgapura, Jaipur, Rajasthan 302018","Green Nagar, Vasundhara Colony, Durgapura",26.8508852,75.7885636,ChIJ1xB2y4C1bTkRLUfcT22FPcU,https://www.google.com/maps/place/?q=place_id:ChIJ1xB2y4C1bTkRLUfcT22FPcU,part_350,2026-09-20 20:21:31,20503
Mahesh Edible Oil Industries Ltd. (Corporate office),Edible Oil Wholesaler,Food products supplier,Food products supplier,762028,Odisha Circle,Berhampur Region,Phulbani Division,"Chakapada S.O, Bellapadar B.O, Brahmanpad B.O",+91 562 404 8400,https://salonioil.com/,4.7,36.0,"F-1,U.Pee Tower, Sanjay Place, Agra, Uttar Pradesh 282002","Sanjay Palace, Sanjay Place, Civil Lines",27.197803,78.004243,ChIJwflNE0d3dDkRPn0TIkx73tA,https://www.google.com/maps/place/?q=place_id:ChIJwflNE0d3dDkRPn0TIkx73tA,part_350,2026-09-20 20:22:17,23490
K C Agrotech,Edible Oil Wholesaler,Association / Organization,Association / Organization,762029,Odisha Circle,Berhampur Region,Phulbani Division,"Gumagarh S.O, Adasipada B.O, Badabhuin B.O",N/A,N/A,4.3,27.0,"3QJ8+6Q, Sarguna, Odisha 767019",762029,21.0805279,83.76698809999999,ChIJwZcqibNbIToR98xduCT8zXk,https://www.google.com/maps/place/?q=place_id:ChIJwZcqibNbIToR98xduCT8zXk,part_350,2026-09-20 20:23:00,24893
RATNA NATURALS WOODEN COLD PRESSED OIL( KATHA GHANA TELA),Edible Oil Wholesaler,Manufacturer,Manufacturer,762029,Odisha Circle,Berhampur Region,Phulbani Division,"Gumagarh S.O, Adasipada B.O, Badabhuin B.O",+91 70081 96901,N/A,4.0,25.0,"Trisulia bazar, Odisha 754005",762029,20.4389045,85.8390632,ChIJaSEcMnAOGToRkNO7jTEul-4,https://www.google.com/maps/place/?q=place_id:ChIJaSEcMnAOGToRkNO7jTEul-4,part_350,2026-09-20 20:23:00,24894
ama gharani mustard oil,Edible Oil Wholesaler,Food products supplier,"Food products supplier, Food manufacturer, Food Processing Company",762029,Odisha Circle,Berhampur Region,Phulbani Division,"Gumagarh S.O, Adasipada B.O, Badabhuin B.O",+91 82493 41153,N/A,5.0,15.0,"Kolathia, Khandagiri, Bhubaneswar, Shankarpur, Odisha 751030","Kolathia, Khandagiri",20.255638899999997,85.7760984,ChIJqep6EaGnGToR8Q78N0E6Nw8,https://www.google.com/maps/place/?q=place_id:ChIJqep6EaGnGToR8Q78N0E6Nw8,part_350,2026-09-20 20:23:00,24895
Palm Oil Factory.,Edible Oil Wholesaler,Store,Store,762029,Odisha Circle,Berhampur Region,Phulbani Division,"Gumagarh S.O, Adasipada B.O, Badabhuin B.O",+91 96398 88833,N/A,3.8,23.0,"RVH3+3HJ, Bangarumetta, Lingabhupala Puram Agraharam, Andhra Pradesh 531026",Bangarumetta,17.8277122,82.8538834,ChIJu1AfsHyBOToRu1fRPZCA3Zg,https://www.google.com/maps/place/?q=place_id:ChIJu1AfsHyBOToRu1fRPZCA3Zg,part_350,2026-09-20 20:23:00,24896
Shree Hari Industries (Hari Oil Mills) Engine Brand Mustard Oil,Edible Oil Wholesaler,FMCG Manufacturer,FMCG Manufacturer,762029,Odisha Circle,Berhampur Region,Phulbani Division,"Gumagarh S.O, Adasipada B.O, Badabhuin B.O",+91 93522 67408,http://www.enginebrand.in/,4.3,76.0,"Malgodown Road, Bharatpur, Rajasthan 321001",RIICO Industrial Area,27.2361151,77.4993501,ChIJXREYTnSjczkR_gbA0LT4Ydg,https://www.google.com/maps/place/?q=place_id:ChIJXREYTnSjczkR_gbA0LT4Ydg,part_350,2026-09-20 20:23:00,24897
Kakinada Oil Mill,Edible Oil Wholesaler,Wholesaler,Wholesaler,762029,Odisha Circle,Berhampur Region,Phulbani Division,"Gumagarh S.O, Adasipada B.O, Badabhuin B.O",+91 99666 59421,N/A,4.0,30.0,"Pedda Waltair Road, AU North Campus, Andhra University North Campus, Pedda Waltair, Visakhapatnam, Andhra Pradesh 530003","AU North Campus, Andhra University North Campus, Pedda Waltair",17.7298545,83.32887199999999,ChIJSezasVtDOToR2AFN0ItGp-U,https://www.google.com/maps/place/?q=place_id:ChIJSezasVtDOToR2AFN0ItGp-U,part_350,2026-09-20 20:23:00,24898
Madhavi Edible Bran Oils Pvt Ltd.,Edible Oil Wholesaler,Corporate office,Corporate office,762029,Odisha Circle,Berhampur Region,Phulbani Division,"Gumagarh S.O, Adasipada B.O, Badabhuin B.O",N/A,N/A,4.2,88.0,"Mandapeta Byp Rd, Mandapeta, Andhra Pradesh 533308",762029,16.8608406,81.9174748,ChIJG6QmEo-WNzoR_pMfhtf_1Kg,https://www.google.com/maps/place/?q=place_id:ChIJG6QmEo-WNzoR_pMfhtf_1Kg,part_350,2026-09-20 20:23:00,24899
Chandan Oil mill,Edible Oil Wholesaler,Corporate office,Corporate office,762029,Odisha Circle,Berhampur Region,Phulbani Division,"Gumagarh S.O, Adasipada B.O, Badabhuin B.O",N/A,N/A,3.0,1.0,"GWGF+C3, Udupa, Odisha 764045",762029,18.525974899999998,81.9227046,ChIJ50QOawCNMDoRJw_wIW_3Ja0,https://www.google.com/maps/place/?q=place_id:ChIJ50QOawCNMDoRJw_wIW_3Ja0,part_350,2026-09-20 20:23:00,24900
SK Oil Industries,Edible Oil Wholesaler,Manufacturer,Manufacturer,762029,Odisha Circle,Berhampur Region,Phulbani Division,"Gumagarh S.O, Adasipada B.O, Badabhuin B.O",+91 257 222 6317,http://www.skoil.org/,4.3,,"2706/2B, Shivaji Nagar, Jalgaon, Maharashtra 425001",Shivaji Nagar,21.018452699999997,75.5541709,ChIJD7nqoaQP2TsR0y_7nT64-Z4,https://www.google.com/maps/place/?q=place_id:ChIJD7nqoaQP2TsR0y_7nT64-Z4,part_350,2026-09-20 20:23:01,24901
EETBAAR- WOOD PRESSED OIL,Edible Oil Wholesaler,Indian grocery store,"Indian grocery store, Organic shop",762029,Odisha Circle,Berhampur Region,Phulbani Division,"Gumagarh S.O, Adasipada B.O, Badabhuin B.O",+91 97776 67188,N/A,4.8,,"1st Floor, Plot no- 371/3033/7194, New, Jagamara Rd, Bhubaneswar, Odisha 751030","Siddhi Vihar, Jagamara",20.2613122,85.7985341,ChIJYSGmFBynGToRF6fJTv-rj7w,https://www.google.com/maps/place/?q=place_id:ChIJYSGmFBynGToRF6fJTv-rj7w,part_350,2026-09-20 20:23:01,24902
"Lakdi Ghana in Chandrapur (cold pressed , Natural, organic ,edible oil)",Edible Oil Wholesaler,Manufacturer,"Manufacturer, Store, Organic shop",762029,Odisha Circle,Berhampur Region,Phulbani Division,"Gumagarh S.O, Adasipada B.O, Badabhuin B.O",+91 90969 18842,https://organic-neat-and-clean.my.canva.site/,4.9,,"Shriram Nagar, near Hero Showroom, Ramnagar, Bhadravati, Maharashtra 442902",Ramnagar,20.1014238,79.1300232,ChIJPR9lsb5p0zsRIAV8Vf8bDPE,https://www.google.com/maps/place/?q=place_id:ChIJPR9lsb5p0zsRIAV8Vf8bDPE,part_350,2026-09-20 20:23:01,24903
Natural Cold Wood Pressed Oil’S,Edible Oil Wholesaler,Manufacturer,Manufacturer,762029,Odisha Circle,Berhampur Region,Phulbani Division,"Gumagarh S.O, Adasipada B.O, Badabhuin B.O",+91 91608 74540,N/A,5.0,,"Yellamanchili Gajuwaka Rd, Atchutapuram, Veduruvada, Andhra Pradesh 531011",Atchutapuram,17.560187499999998,82.9750626,ChIJxZN7NAB1OToRa_U7MT1OMUU,https://www.google.com/maps/place/?q=place_id:ChIJxZN7NAB1OToRa_U7MT1OMUU,part_350,2026-09-20 20:23:01,24904
Nityam Oils,Edible Oil Wholesaler,Wholesaler,"Wholesaler, Oil refinery",762029,Odisha Circle,Berhampur Region,Phulbani Division,"Gumagarh S.O, Adasipada B.O, Badabhuin B.O",+91 97046 40020,https://nityamoils.in/,5.0,,"Rsno.11 gaddamanugu, Vijayawada, Andhra Pradesh 521229",762029,16.693825399999998,80.55941639999999,ChIJhWn79wLpNToRPiOAtTrChdg,https://www.google.com/maps/place/?q=place_id:ChIJhWn79wLpNToRPiOAtTrChdg,part_350,2026-09-20 20:23:01,24905
Barik Agro Industries,Edible Oil Wholesaler,Agricultural Product Wholesaler,"Agricultural Product Wholesaler, Organic shop",762030,Odisha Circle,Berhampur Region,Phulbani Division,"Baghiabahal S.O, Barapadar B.O, Dapalla B.O",+91 70080 31527,https://barikagro-in.vercel.app/?utm_source=ig&utm_medium=social&utm_content=link_in_bio&fbclid=PAZXh0bgNhZW0CMTEAc3J0YwZhcHBfaWQPNTY3MDY3MzQzMzUyNDI3AAGno4cM51t35eZabS1C7OOwEpwvA8KCTXiSRR-qoLKl2gMrkaBxpjS2mtU8eBM_aem_PCun9-lSdY2LG5y1MI0Qvw,5.0,,"near Town State Bank of India, Balangir, Odisha 767001",762030,20.705404599999998,83.46769669999999,ChIJbwuCDFUPJDoRMTQFL0Yte5U,https://www.google.com/maps/place/?q=place_id:ChIJbwuCDFUPJDoRMTQFL0Yte5U,part_350,2026-09-20 20:23:43,26670
Growing tree oil and refinery pvt ltd,Edible Oil Wholesaler,Food Processing Company,"Food Processing Company, Manufacturer",762030,Odisha Circle,Berhampur Region,Phulbani Division,"Baghiabahal S.O, Barapadar B.O, Dapalla B.O",+91 99375 87050,http://www.46ounce.com/,4.2,,"Gudesira, Odisha 768029",762030,21.3280364,83.57317359999999,ChIJi5CSFZm1JjoRP_BoUbDRfEI,https://www.google.com/maps/place/?q=place_id:ChIJi5CSFZm1JjoRP_BoUbDRfEI,part_350,2026-09-20 20:23:43,26671
Shree Vaishnodevi Oil Industries,Edible Oil Wholesaler,Manufacturer,Manufacturer,762030,Odisha Circle,Berhampur Region,Phulbani Division,"Baghiabahal S.O, Barapadar B.O, Dapalla B.O",N/A,N/A,5.0,,"8G8J+F9M, Chakarkend, Odisha 768033",762030,21.3162229,83.5309345,ChIJGwb7RbC1JjoRxrA3kb6eOhM,https://www.google.com/maps/place/?q=place_id:ChIJGwb7RbC1JjoRxrA3kb6eOhM,part_350,2026-09-20 20:23:43,26672
SHIV SHANKAR EDIBLE PRIVATE LIMITED,Edible Oil Wholesaler,Store,Store,762030,Odisha Circle,Berhampur Region,Phulbani Division,"Baghiabahal S.O, Barapadar B.O, Dapalla B.O",+91 91632 11932,http://www.atithifresh.in/,4.3,,"42 C, Chaulpatty Rd, Kulia, Beleghata, Kolkata, West Bengal 700010","Kulia, Beleghata",22.5601985,88.3975861,ChIJyzFhF2B2AjoRlMxs0iXq36Q,https://www.google.com/maps/place/?q=place_id:ChIJyzFhF2B2AjoRlMxs0iXq36Q,part_350,2026-09-20 20:23:44,26673
Durga Oil Mill,Edible Oil Wholesaler,FMCG Manufacturer,"FMCG Manufacturer, Food manufacturer, Manufacturer",762030,Odisha Circle,Berhampur Region,Phulbani Division,"Baghiabahal S.O, Barapadar B.O, Dapalla B.O",+91 98300 37773,https://durga-oil-mill.grexa.site/,4.4,,"M-106, TG Rd, Fatehpur Bazar, Seba Samity Basti, Garden Reach, Kolkata, Maheshtala, West Bengal 700024","Fatehpur Bazar, Seba Samity Basti, Garden Reach",22.5377674,88.2909249,ChIJL5nNvph5AjoRjSAajXU7eW4,https://www.google.com/maps/place/?q=place_id:ChIJL5nNvph5AjoRjSAajXU7eW4,part_350,2026-09-20 20:23:44,26674
SHIVSHAKTI OILL MILL SHOP,Edible Oil Wholesaler,Wholesaler,Wholesaler,762030,Odisha Circle,Berhampur Region,Phulbani Division,"Baghiabahal S.O, Barapadar B.O, Dapalla B.O",+91 70306 04786,N/A,4.7,,"71/72, Nana Peth Rd, Ashok Chowk, Bodke Wada, Ganj Peth, Pune, Maharashtra 411002","Ashok Chowk, Bodke Wada, Ganj Peth",18.5139143,73.8650212,ChIJc-O6MxfBwjsRzpd76zpI6iM,https://www.google.com/maps/place/?q=place_id:ChIJc-O6MxfBwjsRzpd76zpI6iM,part_350,2026-09-20 20:23:44,26675
Shalimar Chemical Works Private Ltd.,Edible Oil Wholesaler,FMCG Manufacturer,"FMCG Manufacturer, Supplier, Exporter, Food products supplier, Manufacturer, Spices Exporter",762030,Odisha Circle,Berhampur Region,Phulbani Division,"Baghiabahal S.O, Barapadar B.O, Dapalla B.O",+91 33 2400 3166,https://www.shalimars.com/,4.2,,"92E, Alipore Rd, Kala Bagan, Chetla, Kolkata, West Bengal 700053","Kala Bagan, Chetla",22.514001999999998,88.332645,ChIJJV-FZlF3AjoRCd45zTbS--Q,https://www.google.com/maps/place/?q=place_id:ChIJJV-FZlF3AjoRCd45zTbS--Q,part_350,2026-09-20 20:23:45,26676
MAULI LAKDI GHANA,Edible Oil Wholesaler,Store,Store,762030,Odisha Circle,Berhampur Region,Phulbani Division,"Baghiabahal S.O, Barapadar B.O, Dapalla B.O",+91 73786 00709,N/A,4.9,,"Gangadham-Appar Road,Sr No 626, Opposite to Shree Ashapura Mataji Temple Next to Shree Aai Mataji Temple Gangadham-Appar Road, 37, Bibwewadi, Pune, Maharashtra 411037",Bibwewadi,18.4720713,73.8748856,ChIJayS_O-7rwjsR0EGa20a9Thc,https://www.google.com/maps/place/?q=place_id:ChIJayS_O-7rwjsR0EGa20a9Thc,part_350,2026-09-20 20:23:45,26677
Shree Shyam Edible Oils Industry,Edible Oil Wholesaler,Food products supplier,Food products supplier,762100,Odisha Circle,Berhampur Region,Phulbani Division,"G.Udayagiri S.O, Dadapada B.O, Gadaguda B.O",+91 93509 72992,N/A,5.0,7.0,"Plot No. 213, 214, Bajrang Vihar Colony, Kunda, Amer, Naradpura, Jaipur, Rajasthan 302028","Bajrang Vihar Colony, Kunda, Amer",27.002621299999998,75.912662,ChIJSfp2QUe7bTkRt5k60NRBHi4,https://www.google.com/maps/place/?q=place_id:ChIJSfp2QUe7bTkRt5k60NRBHi4,part_350,2026-09-20 20:24:27,29097
Sunshine Edible Oils,Edible Oil Wholesaler,Corporate office,Corporate office,762100,Odisha Circle,Berhampur Region,Phulbani Division,"G.Udayagiri S.O, Dadapada B.O, Gadaguda B.O",+91 96024 12345,http://www.sunshineedibleoils.com/,4.4,5.0,"Sunshine Edible Oils Khasra no. 84/752 84 85 Indoli Road Tehsil Arai Dist Chosla, Rajasthan 305813",762100,26.5224942,74.9554283,ChIJExqy02_4azkRA1nOYumqwYk,https://www.google.com/maps/place/?q=place_id:ChIJExqy02_4azkRA1nOYumqwYk,part_350,2026-09-20 20:24:27,29098
Dhalibazar market,Edible Oil Wholesaler,Grocery store,Grocery store,762100,Odisha Circle,Berhampur Region,Phulbani Division,"G.Udayagiri S.O, Dadapada B.O, Gadaguda B.O",N/A,N/A,3.9,35.0,"Road, Jeypore, Talagopbindha, Odisha 756116",762100,20.9824187,86.5851711,ChIJ7WxD-UuLGzoR65amO2y2D7w,https://www.google.com/maps/place/?q=place_id:ChIJ7WxD-UuLGzoR65amO2y2D7w,part_350,2026-09-20 20:24:28,29099
Samhita Wood Press Oil Mill,Edible Oil Wholesaler,Food manufacturer,"Food manufacturer, FMCG Manufacturer",762100,Odisha Circle,Berhampur Region,Phulbani Division,"G.Udayagiri S.O, Dadapada B.O, Gadaguda B.O",+91 90196 61251,N/A,4.8,36.0,"TFT FARM PRODUCTS, Samita Wood Press Oil Mill, Kote, Channarayapatna, Karnataka 573116",Kote,12.9017492,76.392066,ChIJu9-K-vVfpTsREAfVOxNSKjs,https://www.google.com/maps/place/?q=place_id:ChIJu9-K-vVfpTsREAfVOxNSKjs,part_350,2026-09-20 20:24:28,29100
MAJFA WHOLESALE OIL SHOP,Edible Oil Wholesaler,Wholesaler,"Wholesaler, Exporter, Store",762101,Odisha Circle,Berhampur Region,Phulbani Division,"Raikia S.O, Bakingia B.O, Bandha B.O",N/A,https://www.instagram.com/majfaprovisions/,4.5,64.0,"2, Kothuval Chavadi, 16, Anna Pillai St, George Town, Chennai, Tamil Nadu 600001","Kothwal Chavadi, George Town",13.0924202,80.2833948,ChIJWdf9_QhvUjoRejEwBVk1lwo,https://www.google.com/maps/place/?q=place_id:ChIJWdf9_QhvUjoRejEwBVk1lwo,part_350,2026-09-20 20:25:09,30173
Varaha Ghani Oils & Organics,Edible Oil Wholesaler,Manufacturer,Manufacturer,762101,Odisha Circle,Berhampur Region,Phulbani Division,"Raikia S.O, Bakingia B.O, Bandha B.O",+91 98223 25252,N/A,5.0,122.0,"Shop no 7, Kodre Plaza, Zen Estate, Riverfront Rd, Santipur, Thite Nagar, Kharadi, Pune, Maharashtra 411014","Santipur, Thite Nagar, Kharadi",18.5378462,73.9383702,ChIJHxITb77DwjsRIilsyrtJIsU,https://www.google.com/maps/place/?q=place_id:ChIJHxITb77DwjsRIilsyrtJIsU,part_350,2026-09-20 20:25:11,30174
Shraddha Coconut Oil Mill,Edible Oil Wholesaler,Oil refinery,Oil refinery,762101,Odisha Circle,Berhampur Region,Phulbani Division,"Raikia S.O, Bakingia B.O, Bandha B.O",+91 99165 22965,N/A,4.3,56.0,"249,Kalyan Nagar 3rd Main Road, 4th Main Rd, 2nd Block, Nagarbhavi 1st Stage, Bengaluru, Karnataka 560072","2nd Block, Nagarbhavi 1st Stage, Kalyan Nagar, Nagarbhavi",12.968360299999999,77.51979589999999,ChIJs5wYQ5o9rjsR5CG3KzU7KG0,https://www.google.com/maps/place/?q=place_id:ChIJs5wYQ5o9rjsR5CG3KzU7KG0,part_350,2026-09-20 20:25:11,30175
Sri Ganga Oil Mill,Edible Oil Wholesaler,Store,Store,762101,Odisha Circle,Berhampur Region,Phulbani Division,"Raikia S.O, Bakingia B.O, Bandha B.O",+91 90600 60829,http://srigangaoilmill.com/,4.4,179.0,"Balaji Layout, Bhuvaneswari Nagar, Hebbal Kempapura, Bengaluru, Karnataka 560024","Balaji Layout, Bhuvaneswari Nagar, Hebbal Kempapura",13.0580951,77.6059409,ChIJwYfwsr8ZrjsRhXgHFrTsnOo,https://www.google.com/maps/place/?q=place_id:ChIJwYfwsr8ZrjsRhXgHFrTsnOo,part_350,2026-09-20 20:25:11,30176
V. V. Wood pressed oil,Edible Oil Wholesaler,Organic food store,"Organic food store, Mill",762101,Odisha Circle,Berhampur Region,Phulbani Division,"Raikia S.O, Bakingia B.O, Bandha B.O",+91 81479 12950,https://naturefoodss.in/,4.8,67.0,"SLVE Inn plot, 9th, 41st Cross Rd, Putlanpalya, Jayanagara 9th Block, Jayanagar, Bengaluru, Karnataka 560041","Putlanpalya, Jayanagara 9th Block, Jayanagar",12.9189847,77.5943472,ChIJfSaVvdIVrjsRWyMr4fJJ_Qc,https://www.google.com/maps/place/?q=place_id:ChIJfSaVvdIVrjsRWyMr4fJJ_Qc,part_350,2026-09-20 20:25:11,30177
Ancient Pure Foods,Edible Oil Wholesaler,Manufacturer,"Manufacturer, Food products supplier, Indian grocery store",762101,Odisha Circle,Berhampur Region,Phulbani Division,"Raikia S.O, Bakingia B.O, Bandha B.O",+91 83108 02551,http://www.ancientpurefoods.com/,5.0,33.0,"basement of, Sri Sailaja eye hospital, 33, Sri gobindu narayani complex, Horamavu Main Rd, Horamavu, Bengaluru, Karnataka 560113","Chinnaswamappa Layout, Horamavu",13.0276421,77.6614866,ChIJ1Udrs9gRrjsRFoiPUNhW1bc,https://www.google.com/maps/place/?q=place_id:ChIJ1Udrs9gRrjsRFoiPUNhW1bc,part_350,2026-09-20 20:25:11,30178
Ramu oil mill,Edible Oil Wholesaler,Organic shop,Organic shop,762101,Odisha Circle,Berhampur Region,Phulbani Division,"Raikia S.O, Bakingia B.O, Bandha B.O",+91 74116 36474,N/A,4.6,21.0,"72/b 3rd main, circle, opposite State bank of India Atm, Vidhana Soudha Layout, Peenya, Bengaluru, Karnataka 560058","Vidhana Soudha Layout, Peenya",13.0156384,77.5230778,ChIJ-aQWQhM9rjsRq2i7ONFXT8Y,https://www.google.com/maps/place/?q=place_id:ChIJ-aQWQhM9rjsRq2i7ONFXT8Y,part_350,2026-09-20 20:25:11,30179
Kavi Naturals / Cold Pressed Oil (Wood Pressed Oil) Marachekku Oil / Healthy Products,Edible Oil Wholesaler,Wholesaler,"Wholesaler, Organic food store, Store",762101,Odisha Circle,Berhampur Region,Phulbani Division,"Raikia S.O, Bakingia B.O, Bandha B.O",+91 90950 03090,https://kavinaturals.in/,4.9,185.0,"MIG #10, Hosur - Thally Rd, near Anand Grand Palace, Hosur, Tamil Nadu 635109",762101,12.7280044,77.8150763,ChIJN2U9te9xrjsRL6vbbPtW6vs,https://www.google.com/maps/place/?q=place_id:ChIJN2U9te9xrjsRL6vbbPtW6vs,part_350,2026-09-20 20:25:11,30180
Hirachand Nihalchand Lunawat & Co,Edible Oil Wholesaler,Wholesaler,Wholesaler,762101,Odisha Circle,Berhampur Region,Phulbani Division,"Raikia S.O, Bakingia B.O, Bandha B.O",+91 94220 37441,http://www.hnlco.in/,4.0,3.0,"418, Market Yard , Near Gate no 2 (Yeole Chaha Gate), opp Ganraj mktkt Gultekdi Subhash Lodha Building, Pune, Maharashtra 411037","Market Yard, Gultekadi",18.488312999999998,73.868515,ChIJ____vyLAwjsR53Qx3f8gLPs,https://www.google.com/maps/place/?q=place_id:ChIJ____vyLAwjsR53Qx3f8gLPs,part_350,2026-09-20 20:25:11,30181
Sanatana Parampare,Edible Oil Wholesaler,Natural goods store,Natural goods store,762101,Odisha Circle,Berhampur Region,Phulbani Division,"Raikia S.O, Bakingia B.O, Bandha B.O",+91 99025 23333,https://linktr.ee/sanatanaparampare,4.8,229.0,"87, Ananda Vihari, 2nd Main Rd, Vinayaka Layout 2nd Stage, Vijayanagar, Bengaluru, Karnataka 560040","Vinayaka Layout 2nd Stage, Vijayanagar",12.9681827,77.53021249999999,ChIJ-bBKlw89rjsRedqSKVuVqts,https://www.google.com/maps/place/?q=place_id:ChIJ-bBKlw89rjsRedqSKVuVqts,part_350,2026-09-20 20:25:11,30182
Sri Rajarajeshwari Distributors,Edible Oil Wholesaler,Wholesaler,Wholesaler,762101,Odisha Circle,Berhampur Region,Phulbani Division,"Raikia S.O, Bakingia B.O, Bandha B.O",+91 90080 74091,N/A,,,"551, 6th Main Rd, Kenchenahalli, 4th Stage, BEML Layout 3rd Stage, Rajarajeshwari Nagar, Bengaluru, Karnataka 560098","Kenchenahalli, 4th Stage, BEML Layout 3rd Stage, Rajarajeshwari Nagar",12.9116308,77.5228039,ChIJ7bV5ADY_rjsRqWxFbNBNYf8,https://www.google.com/maps/place/?q=place_id:ChIJ7bV5ADY_rjsRqWxFbNBNYf8,part_350,2026-09-20 20:25:11,30183
Mahindra Tractors - Sriram Enterprises,Edible Oil Wholesaler,Tractor dealer,"Tractor dealer, Farm equipment supplier, Tractor repair shop",762102,Odisha Circle,Berhampur Region,Phulbani Division,"Nuagaon S.O (Kandhamal), Balligada B.O, Demisingia B.O",+91 80 3701 6311,https://dealer.mahindratractor.com/mahindra-tractors/tractor-showroom-in-titilagarh/tractor-showroom-in-manigaon/mahindra-tractors-sriram-enterprises-in-manigaon-titilagarh--96c9f572-4563-44a7-b5d4-8b0199595641/home,4.3,,"., nearby Prabhawati Girls Hostel, Manigaon, Titilagarh, Odisha 767033",762102,20.3078276,83.1709091,ChIJRfl6UsVdJDoRCnDj8U1T5RI,https://www.google.com/maps/place/?q=place_id:ChIJRfl6UsVdJDoRCnDj8U1T5RI,part_350,2026-09-20 20:25:53,31515
Arihant Oilseeds Processing,Edible Oil Wholesaler,Food manufacturer,Food manufacturer,762103,Odisha Circle,Berhampur Region,Phulbani Division,"Balliguda S.O, Badagaon B.O, Bediketa B.O",+91 89624 29991,N/A,4.4,9.0,"Survey no. 1668/2 Near jain kirti stambh Gudar, road, Khaniyadhana, Madhya Pradesh 473990",762103,25.0226154,78.1261827,ChIJEaWDB9bleTkR-twxhjGK_ig,https://www.google.com/maps/place/?q=place_id:ChIJEaWDB9bleTkR-twxhjGK_ig,part_350,2026-09-20 20:26:33,32407
FREEDOM &DHARA OIL DISTRIBUTOR,Edible Oil Wholesaler,Wholesale Food Store,Wholesale Food Store,762103,Odisha Circle,Berhampur Region,Phulbani Division,"Balliguda S.O, Badagaon B.O, Bediketa B.O",N/A,N/A,5.0,,"WHHM+JC6, Bhanjanagar, Odisha 761126",762103,19.9284452,84.58404,ChIJG5TsDDvrIjoRgQuAu5eEU8Y,https://www.google.com/maps/place/?q=place_id:ChIJG5TsDDvrIjoRgQuAu5eEU8Y,part_350,2026-09-20 20:26:36,32408
Jk Agro Foods & Edible Oil,Edible Oil Wholesaler,Wholesaler,"Wholesaler, Service establishment",762104,Odisha Circle,Berhampur Region,Phulbani Division,"Daringbadiso S.O, Badabanga B.O, Badangia B.O",N/A,N/A,5.0,2.0,"Jk Agro Foods & Edible Oil, 762104, India",762104,21.0680074,82.7525294,ChIJRU3Tc3F7njkRLG0GCQ-ew0k,https://www.google.com/maps/place/?q=place_id:ChIJRU3Tc3F7njkRLG0GCQ-ew0k,part_350,2026-09-20 20:27:15,33408
"WOODFRESS - Wooden Cold Pressed Oils, Lakdi Ghani Cooking Oils",Edible Oil Wholesaler,Gourmet grocery store,"Gourmet grocery store, Food manufacturer",762104,Odisha Circle,Berhampur Region,Phulbani Division,"Daringbadiso S.O, Badabanga B.O, Badangia B.O",+91 70210 97928,https://www.woodfress.com/,4.9,14.0,"Bhumika Residency Plot 21, Sector 20, Roadpali, Kalamboli, Panvel, Maharashtra 410218","Roadpali, Kalamboli, Panvel",19.0367335,73.09076739999999,ChIJD4qcHOHp5zsRP7_UKQICeKE,https://www.google.com/maps/place/?q=place_id:ChIJD4qcHOHp5zsRP7_UKQICeKE,part_350,2026-09-20 20:27:15,33409
Dev Oil - Unrefined Cold Pressed Edible Oil,Edible Oil Wholesaler,Wholesaler,Wholesaler,762104,Odisha Circle,Berhampur Region,Phulbani Division,"Daringbadiso S.O, Badabanga B.O, Badangia B.O",+91 91136 59772,N/A,4.9,26.0,"Shop No. A-30, Raghvendra Matt Complex, Rangmandir Road, opp. Bali Hospital, Bank colony, Bidar, Karnataka 585401",Bank colony,17.9170913,77.509928,ChIJAdS6PYTHzjsRVQyBySR5i7c,https://www.google.com/maps/place/?q=place_id:ChIJAdS6PYTHzjsRVQyBySR5i7c,part_350,2026-09-20 20:27:16,33410
Aarohan Agro-Cold Pressed Oil (Lakdi Ghana) Kolhapur,Edible Oil Wholesaler,Wholesaler,"Wholesaler, Organic food store, Organic shop, Store",762104,Odisha Circle,Berhampur Region,Phulbani Division,"Daringbadiso S.O, Badabanga B.O, Badangia B.O",+91 80105 11255,N/A,5.0,,"Shop No.5, Atharva Vishwa, Pitali Ganpati Road, in front of PNG Jwellers, near Reliance Digital, Tarabai Park, Kolhapur, Maharashtra 416003",Tarabai Park,16.7158355,74.2413765,ChIJSSmz5acBwTsR8KAyI6kIO4I,https://www.google.com/maps/place/?q=place_id:ChIJSSmz5acBwTsR8KAyI6kIO4I,part_350,2026-09-20 20:27:18,33411
Maharashtra oil mill,Edible Oil Wholesaler,Home goods store,Home goods store,762104,Odisha Circle,Berhampur Region,Phulbani Division,"Daringbadiso S.O, Badabanga B.O, Badangia B.O",+91 96371 07474,N/A,4.7,,"Ruikar Colony, Kolhapur, Maharashtra 416005",Ruikar Colony,16.701391,74.255152,ChIJJTLzJkgAwTsRXMXUwFfvz74,https://www.google.com/maps/place/?q=place_id:ChIJJTLzJkgAwTsRXMXUwFfvz74,part_350,2026-09-20 20:27:18,33412
Nature Pure oil mill,Edible Oil Wholesaler,Wholesaler,"Wholesaler, Dry Fruit Store, Natural goods store, Olive oil manufacturer, Organic food store, Organic shop, Store",762105,Odisha Circle,Berhampur Region,Phulbani Division,"Kothagarh S.O, Bandapipili B.O, Durgapanga B.O",N/A,https://pureoilguru.com/,4.9,,"Natural Pure Oil Mill & Home Made Products, Nyanapahalli Main Rd, near Rama Temple, 175, Chandrareddy Layout, Devarachikkana Halli, Bengaluru, Karnataka 560114","175, Chandrareddy Layout, Devarachikkana Halli",12.8881716,77.6189287,ChIJB9_t7pYVrjsR5mFOdtOCWIo,https://www.google.com/maps/place/?q=place_id:ChIJB9_t7pYVrjsR5mFOdtOCWIo,part_350,2026-09-20 20:27:58,34120
J.R Edible Oils LLP,Edible Oil Wholesaler,Manufacturer,Manufacturer,762105,Odisha Circle,Berhampur Region,Phulbani Division,"Kothagarh S.O, Bandapipili B.O, Durgapanga B.O",+91 94614 83962,N/A,5.0,,"G-26 27, Industrial Area, Khairthal, Rajasthan 301404",Industrial Area,27.800459999999998,76.65162,ChIJS4HlOkK7bDkRoZe23Z8cPQc,https://www.google.com/maps/place/?q=place_id:ChIJS4HlOkK7bDkRoZe23Z8cPQc,part_350,2026-09-20 20:27:59,34121
VANDANA Organic Store ( Sips N Bites India ) Cold Pressed Oil Lakdi Ghana,Edible Oil Wholesaler,Wholesaler,"Wholesaler, FMCG Manufacturer, Food manufacturer, Gourmet grocery store, Health food store, Manufacturer, Natural goods store, Organic shop, Store",762107,Odisha Circle,Berhampur Region,Phulbani Division,"Tumudibandha S.O, Belghar B.O, Bhandrangi B.O",+91 86050 58105,http://vandanaoilmills.com/,4.9,,"Newasa Rd, near Airtel Tower, Mukindapur, Maharashtra 414603",762107,19.522122799999998,74.95815859999999,ChIJ7dh33oyD3DsRJHpCgS-zSH8,https://www.google.com/maps/place/?q=place_id:ChIJ7dh33oyD3DsRJHpCgS-zSH8,part_350,2026-09-20 20:29:25,35492
DEEPA OILS - தீபா ஆயில் - OilManufacturer,Edible Oil Wholesaler,Wholesaler,"Wholesaler, Agricultural Product Wholesaler, Food products supplier, Health food store, Oil refinery, Organic shop, Store, FMCG Manufacturer",762107,Odisha Circle,Berhampur Region,Phulbani Division,"Tumudibandha S.O, Belghar B.O, Bhandrangi B.O",+91 94429 04947,N/A,4.9,,"9/770A, Thekkpattu,Natrampalli, Thekkupattu, Tamil Nadu 635801",762107,12.6457725,78.5686204,ChIJoXJknqurrTsRU2DzcpV_Jto,https://www.google.com/maps/place/?q=place_id:ChIJoXJknqurrTsRU2DzcpV_Jto,part_350,2026-09-20 20:29:25,35493
SUPREME OIL INDUSTRIES,Edible Oil Wholesaler,Food manufacturer,"Food manufacturer, Agricultural service, Organic farm",762107,Odisha Circle,Berhampur Region,Phulbani Division,"Tumudibandha S.O, Belghar B.O, Bhandrangi B.O",+91 73737 34123,https://www.coconutcopra.com/,4.8,,"Chennimalai Rd, Kangeyam, Alambadi, Tamil Nadu 638701",762107,11.0364765,77.5820938,ChIJF1kmpFWfqTsRXwkcCrsaboQ,https://www.google.com/maps/place/?q=place_id:ChIJF1kmpFWfqTsRXwkcCrsaboQ,part_350,2026-09-20 20:29:26,35494
C K R Oil mill & Traders,Edible Oil Wholesaler,Wholesaler,"Wholesaler, Store",762109,Odisha Circle,Berhampur Region,Phulbani Division,"Kurtamgarh S.O, Balimusti B.O, Bataguda B.O",+91 96293 48461,N/A,5.0,,"UPKAR SOLITAIRE, near muneshwara temple, Attibele, Bengaluru, Karnataka 562107",762109,12.775110699999999,77.764853,ChIJk5tu6gRxrjsRTpXbukStklI,https://www.google.com/maps/place/?q=place_id:ChIJk5tu6gRxrjsRTpXbukStklI,part_350,2026-09-20 20:30:06,36559
THALAIVAR COCONUT OIL MANUFACTURING COMPANY,Edible Oil Wholesaler,Wholesaler,Wholesaler,762109,Odisha Circle,Berhampur Region,Phulbani Division,"Kurtamgarh S.O, Balimusti B.O, Bataguda B.O",+91 75388 01014,N/A,5.0,74.0,"Kuzhicode, Nagercoil, Maruthoorkuruchi, Tamil Nadu 629167",Kuzhicode,8.260447899999999,77.2670954,ChIJ81rR_Jv_BDsR8jtKzdVQS6Q,https://www.google.com/maps/place/?q=place_id:ChIJ81rR_Jv_BDsR8jtKzdVQS6Q,part_350,2026-09-20 20:30:07,36560
Gopinath Cooking Oil,Edible Oil Wholesaler,Wholesaler,Wholesaler,762109,Odisha Circle,Berhampur Region,Phulbani Division,"Kurtamgarh S.O, Balimusti B.O, Bataguda B.O",+91 97145 82661,https://gopinathcookingoil.com/,4.9,1075.0,"14, SILVER CREST, Savlia Cir, Nilgiri Wadi, Yoginagar Society, Surat, Gujarat 395011","Nilgiri Wadi, Yoginagar Society",21.208743899999998,72.88701689999999,ChIJfdgfCuZP4DsREuBNd84cG1w,https://www.google.com/maps/place/?q=place_id:ChIJfdgfCuZP4DsREuBNd84cG1w,part_350,2026-09-20 20:30:08,36561
Anveelifecare Natural Herbs,Edible Oil Wholesaler,Wholesaler,"Wholesaler, Food machinery supplier, Food producer, Gujarati restaurant, Manufacturer, Oil field equipment supplier, Olive oil manufacturer, Organic food store, Organic shop, Store",762109,Odisha Circle,Berhampur Region,Phulbani Division,"Kurtamgarh S.O, Balimusti B.O, Bataguda B.O",+91 86198 21281,http://www.anveelifecare.in/,4.4,54.0,"Near, 34, Upper, Dhanlaxmi Corp, Jivraj Park Vejalpur Rd, Vejalpur, Ahmedabad, Gujarat 380051",Vejalpur,23.0059598,72.533481,ChIJeRK8WXeFXjkRuaL71TLbbpk,https://www.google.com/maps/place/?q=place_id:ChIJeRK8WXeFXjkRuaL71TLbbpk,part_350,2026-09-20 20:30:08,36562
Shree Asha Oil & Sugar Center,Edible Oil Wholesaler,Wholesaler,Wholesaler,762109,Odisha Circle,Berhampur Region,Phulbani Division,"Kurtamgarh S.O, Balimusti B.O, Bataguda B.O",+91 98251 20780,N/A,4.3,7.0,"Gate No. 2, Jeet industrial, PLOT NO 93 - 94, near rayka circle, Laxmi Nagar, Majura, Udhana, Surat, Gujarat 394210","Laxmi Nagar, Majura, Udhana",21.164055299999998,72.83408639999999,ChIJJ_R5YFhP4DsRl1vfmFXhFAE,https://www.google.com/maps/place/?q=place_id:ChIJJ_R5YFhP4DsRl1vfmFXhFAE,part_350,2026-09-20 20:30:08,36563
SWAMY OIL INDUSTRIES,Edible Oil Wholesaler,Wholesaler,"Wholesaler, Manufacturer",762109,Odisha Circle,Berhampur Region,Phulbani Division,"Kurtamgarh S.O, Balimusti B.O, Bataguda B.O",+91 474 274 2976,http://sunsuper.co.in/,4.9,,"Chamkkada, Pullikada, Kollam, Keralam 691001","Chamkkada, Pullikada",8.8892805,76.5928309,ChIJTUdYQ8TnBTsRCIjlMk5H_ng,https://www.google.com/maps/place/?q=place_id:ChIJTUdYQ8TnBTsRCIjlMk5H_ng,part_350,2026-09-20 20:30:09,36564
Sikaram Groundnut Oil,Edible Oil Wholesaler,Store,Store,762109,Odisha Circle,Berhampur Region,Phulbani Division,"Kurtamgarh S.O, Balimusti B.O, Bataguda B.O",+91 4636 222 211,N/A,4.6,,"5HH2+P58, MDR408, Kalppakulam, Tamil Nadu 627754",762109,9.1796875,77.5515625,ChIJb7bwO9uXBjsRvln0jXgcyFs,https://www.google.com/maps/place/?q=place_id:ChIJb7bwO9uXBjsRvln0jXgcyFs,part_350,2026-09-20 20:30:09,36565
Nature Monks,Edible Oil Wholesaler,Wholesaler,"Wholesaler, Manufacturer, Wholesale grocer, Organic food store",762109,Odisha Circle,Berhampur Region,Phulbani Division,"Kurtamgarh S.O, Balimusti B.O, Bataguda B.O",+91 73383 50811,http://www.naturemonks.co.in/,5.0,,"Property No 29, Nature Monks, Tirumala Complex, Vijay Nagar, Bhoopasandra, R.M.V. 2nd Stage, Bengaluru, Karnataka 560094","Vijay Nagar, Bhoopasandra, R.M.V. 2nd Stage",13.0423859,77.5804893,ChIJVVVVpe0XrjsRp-Jkh03KQWw,https://www.google.com/maps/place/?q=place_id:ChIJVVVVpe0XrjsRp-Jkh03KQWw,part_350,2026-09-20 20:30:09,36566
ALFINA STORE,Edible Oil Wholesaler,Wholesale grocer,Wholesale grocer,762109,Odisha Circle,Berhampur Region,Phulbani Division,"Kurtamgarh S.O, Balimusti B.O, Bataguda B.O",N/A,N/A,4.8,,"STREET, Chalai, Thiruvananthapuram, Keralam 695036","STREET, Chalai",8.4818511,76.9506012,ChIJB8uZOgi7BTsRAtWZ3X-TQ3g,https://www.google.com/maps/place/?q=place_id:ChIJB8uZOgi7BTsRAtWZ3X-TQ3g,part_350,2026-09-20 20:30:09,36567
Aroga Foods (Cold Pressed Oils & Organic Products),Edible Oil Wholesaler,Manufacturer,"Manufacturer, Organic food store",762112,Odisha Circle,Berhampur Region,Phulbani Division,"Paburia S.O, Adasikupa B.O, Burbinaju B.O",+91 70204 17612,https://www.arogafoods.shop/,5.0,81.0,"Aroga Foods, Kalyan - Shilphata Rd, opp. Croma, near Jivdani Hospital Desai Chowk, Dombivli, Mothi Desai Gaon, Thane, Maharashtra 421201","Dombivli, Mothi Desai Gaon",19.1589051,73.06662,ChIJq8480Bu_5zsRdCdQ_EZXMTg,https://www.google.com/maps/place/?q=place_id:ChIJq8480Bu_5zsRdCdQ_EZXMTg,part_350,2026-09-20 20:31:34,38862
Assam Edible Oils Limited,Edible Oil Wholesaler,Industrial consultant,Industrial consultant,762112,Odisha Circle,Berhampur Region,Phulbani Division,"Paburia S.O, Adasikupa B.O, Burbinaju B.O",+91 1438 222 181,http://www.assamedibleoils.com/,3.8,12.0,"QVHM+47M, Tuwariyan Ki Dhani, Vidhani, Vimalpura, Rajasthan 302022",Tuwariyan Ki Dhani,26.7778273,75.88318749999999,ChIJ51DB4JHIbTkRnWRCtUIoZs0,https://www.google.com/maps/place/?q=place_id:ChIJ51DB4JHIbTkRnWRCtUIoZs0,part_350,2026-09-20 20:31:34,38863
Arkka Oils | Best Lakdi Ghana Oils | Cold Pressed Oils | Wood Pressed Oils in Pune,Edible Oil Wholesaler,Health food store,"Health food store, Food manufacturer, Gourmet grocery store, Indian grocery store, Organic food store",763001,Odisha Circle,Berhampur Region,Koraput Division,Sunabeda 1 S.O,+91 91121 13022,http://www.arkkaoils.com/,4.9,144.0,"Shop 9, DSK Ranwara Rd, Ram Nagar, Bavdhan, Pune, Maharashtra 411021","Ram Nagar, Bavdhan",18.5211208,73.7757554,ChIJUZpFwrq_wjsRzaam4Woq6pM,https://www.google.com/maps/place/?q=place_id:ChIJUZpFwrq_wjsRzaam4Woq6pM,part_350,2026-09-20 20:32:19,40285
Rejoie Works Private Limited(Manufacturer of Wood pressed extra virgin edible oil),Edible Oil Wholesaler,Gourmet grocery store,Gourmet grocery store,763001,Odisha Circle,Berhampur Region,Koraput Division,Sunabeda 1 S.O,+91 88771 84444,N/A,5.0,28.0,"Danapur - Khagaul Road Saguna More near Samay Hospital, Sarita Vatica-234, Patna, Bihar 801503",Kaliket Nagar,25.6192459,85.0420463,ChIJ3-v9OCJX7TkRmyvI8e755LA,https://www.google.com/maps/place/?q=place_id:ChIJ3-v9OCJX7TkRmyvI8e755LA,part_350,2026-09-20 20:32:19,40286
VIDHYA GOLD OIL MILL,Edible Oil Wholesaler,Wholesaler,Wholesaler,763001,Odisha Circle,Berhampur Region,Koraput Division,Sunabeda 1 S.O,+91 95093 39602,N/A,4.9,73.0,"M/s Vidhya gold H. No. 300C , Khasra No. - 578 Brahampuri Gali, 1, Peepal wali Gali, Ghukna, Ghaziabad, Uttar Pradesh 201003","Bhim Nagar, Ghukna",28.681055899999997,77.41976919999999,ChIJAfmtHHXxDDkR-pHqlSDaEMk,https://www.google.com/maps/place/?q=place_id:ChIJAfmtHHXxDDkR-pHqlSDaEMk,part_350,2026-09-20 20:32:19,40287
S.G Edible Oils (India) Pvt. Ltd.,Edible Oil Wholesaler,Food Processing Company,Food Processing Company,763001,Odisha Circle,Berhampur Region,Koraput Division,Sunabeda 1 S.O,N/A,http://www.sgedible.com/,5.0,1.0,"Kuber 6&7, Agriculture Produce Market, Block I, Govindpuram, Ghaziabad, Uttar Pradesh 201013","Block I, Govindpuram",28.6820854,77.48285709999999,ChIJca_7xsrzDDkR5r5c3zM7eP8,https://www.google.com/maps/place/?q=place_id:ChIJca_7xsrzDDkR5r5c3zM7eP8,part_350,2026-09-20 20:32:19,40288
Star Oil Stores,Edible Oil Wholesaler,Store,Store,763001,Odisha Circle,Berhampur Region,Koraput Division,Sunabeda 1 S.O,+91 94441 83803,N/A,4.6,,"37WM+7HR, No:,, 56, Acharappan St, Kothwal Chavadi, George Town, Chennai, Tamil Nadu 600001","Kothwal Chavadi, George Town",13.092710199999999,80.2834695,ChIJ0azebFpvUjoRjodna7ZPSXs,https://www.google.com/maps/place/?q=place_id:ChIJ0azebFpvUjoRjodna7ZPSXs,part_350,2026-09-20 20:32:20,40289
Ankur Oil Industries,Edible Oil Wholesaler,Manufacturer,Manufacturer,763002,Odisha Circle,Berhampur Region,Koraput Division,"Sunabeda 2 S.O, R Zone(Sunabeda) S.O, Sector VII(Sunabeda) S.O",+91 82382 38250,http://ankuroils.com/,4.4,62.0,"Prem Darwaja Rd, Old City, Chokha Bazaar, Kalupur, Ahmedabad, Gujarat 380002","Old City, Chokha Bazaar, Kalupur",23.0323183,72.5980955,ChIJP1_HETqEXjkRNrIUP69TtGE,https://www.google.com/maps/place/?q=place_id:ChIJP1_HETqEXjkRNrIUP69TtGE,part_350,2026-09-20 20:33:03,45355
Yentop Manickam Edible Oils P Ltd,Edible Oil Wholesaler,Wholesaler,"Wholesaler, Oil refinery",763002,Odisha Circle,Berhampur Region,Koraput Division,"Sunabeda 2 S.O, R Zone(Sunabeda) S.O, Sector VII(Sunabeda) S.O",+91 4562 243 745,http://www.yentop.com/,4.6,8.0,"123, Katchery Rd, Sivagami Puram, Virudhunagar, Tamil Nadu 626001",Sivagami Puram,9.597014999999999,77.954993,ChIJMcI8Vp4sATsRXePdo713ROI,https://www.google.com/maps/place/?q=place_id:ChIJMcI8Vp4sATsRXePdo713ROI,part_350,2026-09-20 20:33:03,45356
Kasturi Coconut Processing,Edible Oil Wholesaler,Food Processing Company,"Food Processing Company, Manufacturer",763002,Odisha Circle,Berhampur Region,Koraput Division,"Sunabeda 2 S.O, R Zone(Sunabeda) S.O, Sector VII(Sunabeda) S.O",+91 97422 92942,https://www.kasturicoconuts.com/,4.8,118.0,"Channapattana, Karnataka 562160",763002,12.6600212,77.2283228,ChIJi3S_cZJSrjsRLvGAObIem2Q,https://www.google.com/maps/place/?q=place_id:ChIJi3S_cZJSrjsRLvGAObIem2Q,part_350,2026-09-20 20:33:03,45357
Aura Pure Oils,Edible Oil Wholesaler,Wholesaler,"Wholesaler, Greengrocer, Grocery delivery service, Health and beauty shop, Health food store, Kitchen supply store, Manufacturer, Natural goods store, Wholesale grocer, Store",763002,Odisha Circle,Berhampur Region,Koraput Division,"Sunabeda 2 S.O, R Zone(Sunabeda) S.O, Sector VII(Sunabeda) S.O",+91 77955 24433,https://aurapureoils.com/,5.0,,"Site No. 9, Ground Floor, Sai Nivas, Santosh Goodwill Enterprises, Hosa Rd, opposite to KSRP, K R Nagar, KSRP Campus, Choodasandra, K.G.Cudasandra, Karnataka 560099","K R Nagar, KSRP Campus, Meenakshi Layout, Choodasandra",12.8852166,77.6726874,ChIJE1Yr0zoTrjsRG5gAY5oMhAA,https://www.google.com/maps/place/?q=place_id:ChIJE1Yr0zoTrjsRG5gAY5oMhAA,part_350,2026-09-20 20:33:03,45358
F2 Organic Oil Mills(Cold Pressed),Edible Oil Wholesaler,Food manufacturing supply,"Food manufacturing supply, Food producer, Food products supplier, Organic food store",763002,Odisha Circle,Berhampur Region,Koraput Division,"Sunabeda 2 S.O, R Zone(Sunabeda) S.O, Sector VII(Sunabeda) S.O",+91 73967 36538,N/A,5.0,,"ANDHRA PATRIKA COLONY, 3rd Line, Ajit Singh Nagar, PNT Colony, Vijayawada, Andhra Pradesh 520015","Ajit Singh Nagar, PNT Colony",16.5455287,80.641472,ChIJSQUUIgDlNToR-KZKJjwcJc4,https://www.google.com/maps/place/?q=place_id:ChIJSQUUIgDlNToR-KZKJjwcJc4,part_350,2026-09-20 20:33:03,45359
Shri Shakun Oils Limited,Edible Oil Wholesaler,Manufacturer,Manufacturer,763002,Odisha Circle,Berhampur Region,Koraput Division,"Sunabeda 2 S.O, R Zone(Sunabeda) S.O, Sector VII(Sunabeda) S.O",+91 96728 20000,https://doublepari.com/,3.0,,"Z-139,140, Cimmco Staff Colony, RIICO Industrial Area, Bharatpur, Bharatpur Chak 2, Rajasthan 321001","Cimmco Staff Colony, RIICO Industrial Area",27.236396799999998,77.5074774,ChIJAQAAALGjczkRxzcgzE3Ep0c,https://www.google.com/maps/place/?q=place_id:ChIJAQAAALGjczkRxzcgzE3Ep0c,part_350,2026-09-20 20:33:03,45360
Yogesh Industries & Oil Mills (AZAD Brand Mustard Oil),Edible Oil Wholesaler,Wholesaler,"Wholesaler, FMCG Manufacturer",763002,Odisha Circle,Berhampur Region,Koraput Division,"Sunabeda 2 S.O, R Zone(Sunabeda) S.O, Sector VII(Sunabeda) S.O",+91 97822 59356,N/A,4.5,,"Station Rd, New Mandi, Bharatpur, Bharatpur Chak 2, Rajasthan 321001",New Mandi,27.231451699999997,77.4915374,ChIJw8Ui9bGjczkR-BiaEBbloNo,https://www.google.com/maps/place/?q=place_id:ChIJw8Ui9bGjczkR-BiaEBbloNo,part_350,2026-09-20 20:33:03,45361
PARISUDHAM OIL EXTRACTIONS,Edible Oil Wholesaler,Manufacturer,Manufacturer,763002,Odisha Circle,Berhampur Region,Koraput Division,"Sunabeda 2 S.O, R Zone(Sunabeda) S.O, Sector VII(Sunabeda) S.O",N/A,https://www.parisudham.com/,4.3,13.0,"SH 1, Koothattukulam, Keralam 686662",763002,9.8793125,76.59531249999999,ChIJAXjLI6vbBzsROEkpTtPRdZU,https://www.google.com/maps/place/?q=place_id:ChIJAXjLI6vbBzsROEkpTtPRdZU,part_350,2026-09-20 20:33:04,45362
Parisons Agrotech Pvt. Ltd.,Edible Oil Wholesaler,Food Processing Company,Food Processing Company,763002,Odisha Circle,Berhampur Region,Koraput Division,"Sunabeda 2 S.O, R Zone(Sunabeda) S.O, Sector VII(Sunabeda) S.O",+91 495 276 2352,https://www.parisons.com/,4.0,12.0,"WESTHILL CHUNGAM JUNCTION, Keralam 673005",West Hill,11.2931445,75.7641977,ChIJgSR4ld9epjsRyLSCIPjcsN8,https://www.google.com/maps/place/?q=place_id:ChIJgSR4ld9epjsRyLSCIPjcsN8,part_350,2026-09-20 20:33:04,45363
SP Traders,Edible Oil Wholesaler,Wholesale grocer,Wholesale grocer,763002,Odisha Circle,Berhampur Region,Koraput Division,"Sunabeda 2 S.O, R Zone(Sunabeda) S.O, Sector VII(Sunabeda) S.O",+91 93445 60777,https://maligaikaaran.com/,5.0,67.0,"1017-b, Palayamkottai, Kamaraj Nagar, Tirunelveli, Tamil Nadu 627011",Kamaraj Nagar,8.7222853,77.7535576,ChIJy-805yANBDsR0FLUqyx6wCU,https://www.google.com/maps/place/?q=place_id:ChIJy-805yANBDsR0FLUqyx6wCU,part_350,2026-09-20 20:33:04,45364
KCK Agro Products Pvt. Ltd.,Edible Oil Wholesaler,Agricultural service,Agricultural service,763002,Odisha Circle,Berhampur Region,Koraput Division,"Sunabeda 2 S.O, R Zone(Sunabeda) S.O, Sector VII(Sunabeda) S.O",+91 98959 78716,http://kckagro.com/,4.3,9.0,"KSIDC Industrial Growth Centre, Plot No.18, Kinalur, Kozhikode, Keralam 673574",763002,11.472119,75.871381,ChIJqafVr8BlpjsR9lYWCInUcfw,https://www.google.com/maps/place/?q=place_id:ChIJqafVr8BlpjsR9lYWCInUcfw,part_350,2026-09-20 20:33:04,45365
Anchal Delight Foods Private Limited,Edible Oil Wholesaler,Food manufacturer,Food manufacturer,763002,Odisha Circle,Berhampur Region,Koraput Division,"Sunabeda 2 S.O, R Zone(Sunabeda) S.O, Sector VII(Sunabeda) S.O",N/A,https://www.anchaldelightmilkproducts.com/,4.8,19.0,"8/34, Sector 8, Vidyadhar Nagar, Jaipur, Jaipur Nagar Nigam Area, Rajasthan 302039","Sector 8, Vidyadhar Nagar",26.963020999999998,75.78981999999999,ChIJUUQhJ9WzbTkRzrEmL-2v-M8,https://www.google.com/maps/place/?q=place_id:ChIJUUQhJ9WzbTkRzrEmL-2v-M8,part_350,2026-09-20 20:33:04,45366
Reviva Well Being,Edible Oil Wholesaler,Food Processing Company,Food Processing Company,763003,Odisha Circle,Berhampur Region,Koraput Division,"D.P.Camp, Sunabeda S.O",+91 83692 86273,https://revivawellbeing.com/,4.9,48.0,"Unit No 87, Parmar Techno Center, Rd E, Phase II, Vasai East, Vasai-Virar, Maharashtra 401208","Dhaniv, Phase II, Vasai East",19.4363125,72.87356249999999,ChIJQdJI78mp5zsRK1FD0-IGAMI,https://www.google.com/maps/place/?q=place_id:ChIJQdJI78mp5zsRK1FD0-IGAMI,part_350,2026-09-20 20:33:47,47868
J S oil stores,Edible Oil Wholesaler,Store,Store,763003,Odisha Circle,Berhampur Region,Koraput Division,"D.P.Camp, Sunabeda S.O",+91 94441 00753,N/A,4.8,72.0,"128, Ambattur Red Hills Rd, Palaniappa Nagar, Ambattur, Chennai, Tamil Nadu 600053","Palaniappa Nagar, Ambattur",13.131486899999999,80.1610123,ChIJLR3fNwxjUjoRhnxuGMokmm8,https://www.google.com/maps/place/?q=place_id:ChIJLR3fNwxjUjoRhnxuGMokmm8,part_350,2026-09-20 20:33:48,47869
Ganesh Oil And Provision Store,Edible Oil Wholesaler,General store,General store,763003,Odisha Circle,Berhampur Region,Koraput Division,"D.P.Camp, Sunabeda S.O",+91 89257 84707,N/A,4.5,246.0,"20, Ganesh Oil Store, South, N Red Hills Rd, South Villivakkam, Villivakkam, Chennai, Tamil Nadu 600049","South Villivakkam, Villivakkam",13.107822299999999,80.2059629,ChIJmdXz22tkUjoRc1wZcAW4EDI,https://www.google.com/maps/place/?q=place_id:ChIJmdXz22tkUjoRc1wZcAW4EDI,part_350,2026-09-20 20:33:48,47870
Sri Vadapalani Oil Stores,Edible Oil Wholesaler,Store,Store,763003,Odisha Circle,Berhampur Region,Koraput Division,"D.P.Camp, Sunabeda S.O",+91 98407 71151,N/A,4.2,63.0,"Old No. 161, New No. 296, Royapettah High Road, Luz, Mylapore, Chennai, Tamil Nadu 600004","Luz, Mylapore",13.039400899999999,80.2675919,ChIJ423xiS1mUjoRKBk3H0FHZLo,https://www.google.com/maps/place/?q=place_id:ChIJ423xiS1mUjoRKBk3H0FHZLo,part_350,2026-09-20 20:33:48,47871
SVS Oil Mills,Edible Oil Wholesaler,Mill,Mill,763003,Odisha Circle,Berhampur Region,Koraput Division,"D.P.Camp, Sunabeda S.O",+91 44 2599 4198,https://svsoilmills.com/,3.3,26.0,"No.11, Thiruvottiyur High Rd, Thangal, Vasantha Nagar, Tondiarpet, Chennai, Tamil Nadu 600019","Thangal, Vasantha Nagar, Tondiarpet",13.145556099999999,80.2970903,ChIJ8RpqeZZvUjoRfIXyOnaE6zA,https://www.google.com/maps/place/?q=place_id:ChIJ8RpqeZZvUjoRfIXyOnaE6zA,part_350,2026-09-20 20:33:48,47872
Sanjay Kumar And Company,Edible Oil Wholesaler,Wholesaler,"Wholesaler, Company, Wholesale grocer",763003,Odisha Circle,Berhampur Region,Koraput Division,"D.P.Camp, Sunabeda S.O",+91 88058 55855,N/A,4.5,42.0,"V8MQ+55G, Juna Mondha, Old Mondha, Mondha, Chhatrapati Sambhajinagar, Maharashtra 431001","Juna Mondha, Old Mondha, Mondha",19.8823822,75.3392501,ChIJVVVVxXSY2zsRADJhmBC5fKE,https://www.google.com/maps/place/?q=place_id:ChIJVVVVxXSY2zsRADJhmBC5fKE,part_350,2026-09-20 20:33:48,47873
Shree Uday Oil & Foods Industries,Edible Oil Wholesaler,Food manufacturer,Food manufacturer,763004,Odisha Circle,Berhampur Region,Koraput Division,"Nad, Sunabeda S.O",+91 80 4605 7193,https://www.udayoilindia.com/,5.0,,"1, Madhupura, Ahmedabad, Gujarat 380016",Madhupura,23.0411207,72.5924752,ChIJZ_glVkCEXjkRsYDO8EFxYPw,https://www.google.com/maps/place/?q=place_id:ChIJZ_glVkCEXjkRsYDO8EFxYPw,part_350,2026-09-20 20:34:28,49658
Haryana Cold Pressed Oil,Edible Oil Wholesaler,Organic food store,"Organic food store, Health food store, Organic shop, Store",763004,Odisha Circle,Berhampur Region,Koraput Division,"Nad, Sunabeda S.O",+91 93244 68047,N/A,4.9,376.0,"GIRIJA OLD AGE HOME, Neelkanth Bungalow, 86, Sector 12, Kharghar, Panvel, Maharashtra 410210","Sector 12, Kharghar",19.044941599999998,73.067031,ChIJy73O64jD5zsREMRmJgz1Sog,https://www.google.com/maps/place/?q=place_id:ChIJy73O64jD5zsREMRmJgz1Sog,part_350,2026-09-20 20:34:29,49659
Sunil Oil Depot,Edible Oil Wholesaler,Wholesaler,Wholesaler,763004,Odisha Circle,Berhampur Region,Koraput Division,"Nad, Sunabeda S.O",+91 81085 56051,N/A,4.8,17.0,"1, Veer Savarkar Garden, TPS Rd, Babhai Naka, Borivali West, Mumbai, Maharashtra 400092","Babhai Naka, Borivali West",19.2275803,72.84952609999999,ChIJ5WWkvSmx5zsRFp0fHDYRugI,https://www.google.com/maps/place/?q=place_id:ChIJ5WWkvSmx5zsRFp0fHDYRugI,part_350,2026-09-20 20:34:29,49660
Dharma Cold Pressed Oil,Edible Oil Wholesaler,Store,"Store, Organic shop",763004,Odisha Circle,Berhampur Region,Koraput Division,"Nad, Sunabeda S.O",+91 93264 86353,N/A,4.9,,"opposite सुभाष डेयरी, Dombivli, Gandhi Nagar, Dombivli East, Kalyan, Maharashtra 421204","Dombivli, Gandhi Nagar, Dombivli East",19.205769699999998,73.092827,ChIJoX_fcLuV5zsRXArgjWZzsNQ,https://www.google.com/maps/place/?q=place_id:ChIJoX_fcLuV5zsRXArgjWZzsNQ,part_350,2026-09-20 20:34:30,49661
Health and Orange,Edible Oil Wholesaler,Indian grocery store,"Indian grocery store, Olive oil manufacturer, Store",763004,Odisha Circle,Berhampur Region,Koraput Division,"Nad, Sunabeda S.O",+91 88827 00148,https://www.healthandorange.com/,4.9,45.0,"A-76, Zeta I, Greater Noida, Uttar Pradesh 201310",Zeta I,28.496705,77.5279305,ChIJDYA75EHrDDkR7NeJWcqwG6M,https://www.google.com/maps/place/?q=place_id:ChIJDYA75EHrDDkR7NeJWcqwG6M,part_350,2026-09-20 20:34:30,49662
